Voltage (V), Current (A), Standard Deviation (A), Pressure (Torr), Measurement delay (s), TC7, TC8
0.00000E+0, -5.91000E-13, 4.81611E-11, 0.00000E+0, 1.00000E+1, 0.00000E+0, 0.00000E+0
1.00000E+1, 8.24760E-11, 2.43847E-11, 0.00000E+0, 1.00000E+1, 0.00000E+0, 0.00000E+0
2.00000E+1, 1.67604E-10, 4.33220E-11, 0.00000E+0, 1.00000E+1, 0.00000E+0, 0.00000E+0
3.00000E+1, 2.51360E-10, 3.12891E-11, 0.00000E+0, 1.00000E+1, 0.00000E+0, 0.00000E+0
4.00000E+1, 3.33492E-10, 3.42598E-11, 0.00000E+0, 1.00000E+1, 0.00000E+0, 0.00000E+0
5.00000E+1, 4.17712E-10, 3.86553E-11, 0.00000E+0, 1.00000E+1, 0.00000E+0, 0.00000E+0
6.00000E+1, 5.02676E-10, 2.11845E-11, 0.00000E+0, 1.00000E+1, 0.00000E+0, 0.00000E+0
7.00000E+1, 5.84938E-10, 4.23316E-11, 0.00000E+0, 1.00000E+1, 0.00000E+0, 0.00000E+0
8.00000E+1, 6.67476E-10, 7.91378E-12, 0.00000E+0, 1.00000E+1, 0.00000E+0, 0.00000E+0
9.00000E+1, 7.52081E-10, 4.70307E-11, 0.00000E+0, 1.00000E+1, 0.00000E+0, 0.00000E+0
1.00000E+2, 8.36520E-10, 8.81267E-12, 0.00000E+0, 1.00000E+1, 0.00000E+0, 0.00000E+0
1.10000E+2, 9.20055E-10, 4.85355E-11, 0.00000E+0, 1.00000E+1, 0.00000E+0, 0.00000E+0
1.20000E+2, 1.00224E-9, 2.01530E-11, 0.00000E+0, 1.00000E+1, 0.00000E+0, 0.00000E+0
1.30000E+2, 1.08745E-9, 4.67189E-11, 0.00000E+0, 1.00000E+1, 0.00000E+0, 0.00000E+0
1.40000E+2, 1.17103E-9, 2.71526E-11, 0.00000E+0, 1.00000E+1, 0.00000E+0, 0.00000E+0
1.50000E+2, 1.25246E-9, 3.85517E-11, 0.00000E+0, 1.00000E+1, 0.00000E+0, 0.00000E+0
1.60000E+2, 1.33731E-9, 3.40302E-11, 0.00000E+0, 1.00000E+1, 0.00000E+0, 0.00000E+0
1.70000E+2, 1.41537E-9, 2.35467E-11, 0.00000E+0, 1.00000E+1, 0.00000E+0, 0.00000E+0
1.80000E+2, 1.48817E-9, 4.17839E-11, 0.00000E+0, 1.00000E+1, 0.00000E+0, 0.00000E+0
1.90000E+2, 1.55415E-9, 3.20001E-11, 0.00000E+0, 1.00000E+1, 0.00000E+0, 0.00000E+0
2.00000E+2, 1.61896E-9, 5.95884E-11, 0.00000E+0, 1.00000E+1, 0.00000E+0, 0.00000E+0
2.10000E+2, 1.70349E-9, 4.04905E-11, 0.00000E+0, 1.00000E+1, 0.00000E+0, 0.00000E+0
2.20000E+2, 1.75185E-9, 6.77857E-11, 0.00000E+0, 1.00000E+1, 0.00000E+0, 0.00000E+0
2.30000E+2, 1.82920E-9, 4.80230E-11, 0.00000E+0, 1.00000E+1, 0.00000E+0, 0.00000E+0
2.40000E+2, 1.89165E-9, 7.39178E-11, 0.00000E+0, 1.00000E+1, 0.00000E+0, 0.00000E+0
2.50000E+2, 1.96064E-9, 5.62587E-11, 0.00000E+0, 1.00000E+1, 0.00000E+0, 0.00000E+0
2.75000E+2, 2.30670E-9, 1.31830E-10, 0.00000E+0, 3.00000E+1, 0.00000E+0, 0.00000E+0
3.00000E+2, 2.51282E-9, 4.08094E-10, 0.00000E+0, 3.00000E+1, 0.00000E+0, 0.00000E+0
3.25000E+2, 2.71780E-9, 1.83267E-10, 0.00000E+0, 3.00000E+1, 0.00000E+0, 0.00000E+0
3.50000E+2, 2.92984E-9, 4.11619E-10, 0.00000E+0, 3.00000E+1, 0.00000E+0, 0.00000E+0
3.75000E+2, 3.14229E-9, 2.15079E-10, 0.00000E+0, 3.00000E+1, 0.00000E+0, 0.00000E+0
4.00000E+2, 3.35006E-9, 4.01707E-10, 0.00000E+0, 3.00000E+1, 0.00000E+0, 0.00000E+0
4.25000E+2, 3.56109E-9, 2.41321E-10, 0.00000E+0, 3.00000E+1, 0.00000E+0, 0.00000E+0
4.50000E+2, 3.78127E-9, 3.74361E-10, 0.00000E+0, 3.00000E+1, 0.00000E+0, 0.00000E+0
4.75000E+2, 3.98865E-9, 2.58705E-10, 0.00000E+0, 3.00000E+1, 0.00000E+0, 0.00000E+0
5.00000E+2, 4.19241E-9, 3.15325E-10, 0.00000E+0, 3.00000E+1, 0.00000E+0, 0.00000E+0
-0.00000E+0, 5.70000E-14, 4.83817E-11, 0.00000E+0, 1.00000E+1, 0.00000E+0, 0.00000E+0
-1.00000E+1, -8.46530E-11, 1.96426E-11, 0.00000E+0, 1.00000E+1, 0.00000E+0, 0.00000E+0
-2.00000E+1, -1.67413E-10, 4.65242E-11, 0.00000E+0, 1.00000E+1, 0.00000E+0, 0.00000E+0
-3.00000E+1, -2.51097E-10, 2.81284E-11, 0.00000E+0, 1.00000E+1, 0.00000E+0, 0.00000E+0
-4.00000E+1, -3.35546E-10, 3.85426E-11, 0.00000E+0, 1.00000E+1, 0.00000E+0, 0.00000E+0
-5.00000E+1, -4.19786E-10, 3.51863E-11, 0.00000E+0, 1.00000E+1, 0.00000E+0, 0.00000E+0
-6.00000E+1, -5.02621E-10, 2.75026E-11, 0.00000E+0, 1.00000E+1, 0.00000E+0, 0.00000E+0
-7.00000E+1, -5.87298E-10, 4.10579E-11, 0.00000E+0, 1.00000E+1, 0.00000E+0, 0.00000E+0
-8.00000E+1, -6.71919E-10, 1.28540E-11, 0.00000E+0, 1.00000E+1, 0.00000E+0, 0.00000E+0
-9.00000E+1, -7.55640E-10, 4.49962E-11, 0.00000E+0, 1.00000E+1, 0.00000E+0, 0.00000E+0
-1.00000E+2, -8.38126E-10, 5.15345E-12, 0.00000E+0, 1.00000E+1, 0.00000E+0, 0.00000E+0
-1.10000E+2, -9.23158E-10, 4.76522E-11, 0.00000E+0, 1.00000E+1, 0.00000E+0, 0.00000E+0
-1.20000E+2, -1.00829E-9, 1.43597E-11, 0.00000E+0, 1.00000E+1, 0.00000E+0, 0.00000E+0
-1.30000E+2, -1.09107E-9, 4.88319E-11, 0.00000E+0, 1.00000E+1, 0.00000E+0, 0.00000E+0
-1.40000E+2, -1.17343E-9, 2.28299E-11, 0.00000E+0, 1.00000E+1, 0.00000E+0, 0.00000E+0
-1.50000E+2, -1.25227E-9, 3.68498E-11, 0.00000E+0, 1.00000E+1, 0.00000E+0, 0.00000E+0
-1.60000E+2, -1.32969E-9, 3.27120E-11, 0.00000E+0, 1.00000E+1, 0.00000E+0, 0.00000E+0
-1.70000E+2, -1.40981E-9, 3.24124E-11, 0.00000E+0, 1.00000E+1, 0.00000E+0, 0.00000E+0
-1.80000E+2, -1.47072E-9, 4.50121E-11, 0.00000E+0, 1.00000E+1, 0.00000E+0, 0.00000E+0
-1.90000E+2, -1.55616E-9, 4.36493E-11, 0.00000E+0, 1.00000E+1, 0.00000E+0, 0.00000E+0
-2.00000E+2, -1.62085E-9, 5.73930E-11, 0.00000E+0, 1.00000E+1, 0.00000E+0, 0.00000E+0
-2.10000E+2, -1.70421E-9, 5.27631E-11, 0.00000E+0, 1.00000E+1, 0.00000E+0, 0.00000E+0
-2.20000E+2, -1.75062E-9, 6.04935E-11, 0.00000E+0, 1.00000E+1, 0.00000E+0, 0.00000E+0
-2.30000E+2, -1.83047E-9, 4.83952E-11, 0.00000E+0, 1.00000E+1, 0.00000E+0, 0.00000E+0
-2.40000E+2, -1.86707E-9, 7.40491E-11, 0.00000E+0, 1.00000E+1, 0.00000E+0, 0.00000E+0
-2.50000E+2, -1.93758E-9, 4.79592E-11, 0.00000E+0, 1.00000E+1, 0.00000E+0, 0.00000E+0
-2.75000E+2, -2.30644E-9, 1.71070E-10, 0.00000E+0, 3.00000E+1, 0.00000E+0, 0.00000E+0
-3.00000E+2, -2.52062E-9, 4.13558E-10, 0.00000E+0, 3.00000E+1, 0.00000E+0, 0.00000E+0
-3.25000E+2, -2.73691E-9, 2.13274E-10, 0.00000E+0, 3.00000E+1, 0.00000E+0, 0.00000E+0
-3.50000E+2, -2.94227E-9, 4.04975E-10, 0.00000E+0, 3.00000E+1, 0.00000E+0, 0.00000E+0
-3.75000E+2, -3.15195E-9, 2.38313E-10, 0.00000E+0, 3.00000E+1, 0.00000E+0, 0.00000E+0
-4.00000E+2, -3.37075E-9, 3.77973E-10, 0.00000E+0, 3.00000E+1, 0.00000E+0, 0.00000E+0
-4.25000E+2, -3.58054E-9, 2.53917E-10, 0.00000E+0, 3.00000E+1, 0.00000E+0, 0.00000E+0
-4.50000E+2, -3.77974E-9, 3.24907E-10, 0.00000E+0, 3.00000E+1, 0.00000E+0, 0.00000E+0
-4.75000E+2, -4.00321E-9, 2.80261E-10, 0.00000E+0, 3.00000E+1, 0.00000E+0, 0.00000E+0
-5.00000E+2, -4.22241E-9, 2.54831E-10, 0.00000E+0, 3.00000E+1, 0.00000E+0, 0.00000E+0
