Voltage (V), Current (A), Standard Deviation (A), Pressure (Torr), Measurement delay (s), TC7, TC8
0.00000E+0, -1.78742E-8, 2.58146E-10, 0.00000E+0, 2.50000E-1, 0.00000E+0, 0.00000E+0
1.00000E+1, -9.28621E-9, 6.86424E-10, 0.00000E+0, 2.50000E-1, 0.00000E+0, 0.00000E+0
2.00000E+1, -1.68684E-9, 2.86533E-10, 0.00000E+0, 2.50000E-1, 0.00000E+0, 0.00000E+0
3.00000E+1, 6.09988E-9, 2.25641E-10, 0.00000E+0, 2.50000E-1, 0.00000E+0, 0.00000E+0
4.00000E+1, 1.42747E-8, 7.72490E-10, 0.00000E+0, 2.50000E-1, 0.00000E+0, 0.00000E+0
5.00000E+1, 2.16072E-8, 4.24919E-10, 0.00000E+0, 2.50000E-1, 0.00000E+0, 0.00000E+0
6.00000E+1, 2.97008E-8, 7.17825E-10, 0.00000E+0, 2.50000E-1, 0.00000E+0, 0.00000E+0
7.00000E+1, 3.74346E-8, 7.33330E-10, 0.00000E+0, 2.50000E-1, 0.00000E+0, 0.00000E+0
8.00000E+1, 4.51944E-8, 7.09909E-10, 0.00000E+0, 2.50000E-1, 0.00000E+0, 0.00000E+0
9.00000E+1, 5.29781E-8, 7.28149E-10, 0.00000E+0, 2.50000E-1, 0.00000E+0, 0.00000E+0
1.00000E+2, 6.07680E-8, 7.35402E-10, 0.00000E+0, 2.50000E-1, 0.00000E+0, 0.00000E+0
1.10000E+2, 6.85169E-8, 7.30774E-10, 0.00000E+0, 2.50000E-1, 0.00000E+0, 0.00000E+0
1.20000E+2, 7.62818E-8, 7.48886E-10, 0.00000E+0, 2.50000E-1, 0.00000E+0, 0.00000E+0
1.30000E+2, 8.40569E-8, 7.50494E-10, 0.00000E+0, 2.50000E-1, 0.00000E+0, 0.00000E+0
1.40000E+2, 9.17064E-8, 8.23509E-10, 0.00000E+0, 2.50000E-1, 0.00000E+0, 0.00000E+0
1.50000E+2, 9.95170E-8, 9.22438E-10, 0.00000E+0, 2.50000E-1, 0.00000E+0, 0.00000E+0
1.60000E+2, 1.07215E-7, 9.32429E-10, 0.00000E+0, 2.50000E-1, 0.00000E+0, 0.00000E+0
1.70000E+2, 1.14968E-7, 9.54660E-10, 0.00000E+0, 2.50000E-1, 0.00000E+0, 0.00000E+0
1.80000E+2, 1.22792E-7, 9.43934E-10, 0.00000E+0, 2.50000E-1, 0.00000E+0, 0.00000E+0
1.90000E+2, 1.30508E-7, 8.85513E-10, 0.00000E+0, 2.50000E-1, 0.00000E+0, 0.00000E+0
2.00000E+2, 1.38246E-7, 8.35804E-10, 0.00000E+0, 2.50000E-1, 0.00000E+0, 0.00000E+0
2.10000E+2, 1.45988E-7, 8.14262E-10, 0.00000E+0, 2.50000E-1, 0.00000E+0, 0.00000E+0
2.20000E+2, 1.53734E-7, 8.21024E-10, 0.00000E+0, 2.50000E-1, 0.00000E+0, 0.00000E+0
2.30000E+2, 1.61500E-7, 7.94820E-10, 0.00000E+0, 2.50000E-1, 0.00000E+0, 0.00000E+0
2.40000E+2, 1.69169E-7, 8.07000E-10, 0.00000E+0, 2.50000E-1, 0.00000E+0, 0.00000E+0
2.50000E+2, 1.77007E-7, 8.26497E-10, 0.00000E+0, 2.50000E-1, 0.00000E+0, 0.00000E+0
2.75000E+2, 1.97391E-7, 1.84774E-9, 0.00000E+0, 2.50000E-1, 0.00000E+0, 0.00000E+0
3.00000E+2, 2.16671E-7, 1.07677E-9, 0.00000E+0, 2.50000E-1, 0.00000E+0, 0.00000E+0
3.25000E+2, 2.36510E-7, 1.82458E-9, 0.00000E+0, 2.50000E-1, 0.00000E+0, 0.00000E+0
3.50000E+2, 2.56035E-7, 1.83731E-9, 0.00000E+0, 2.50000E-1, 0.00000E+0, 0.00000E+0
3.75000E+2, 2.75624E-7, 1.74641E-9, 0.00000E+0, 2.50000E-1, 0.00000E+0, 0.00000E+0
4.00000E+2, 2.95041E-7, 1.80670E-9, 0.00000E+0, 2.50000E-1, 0.00000E+0, 0.00000E+0
4.25000E+2, 3.14589E-7, 1.78688E-9, 0.00000E+0, 2.50000E-1, 0.00000E+0, 0.00000E+0
4.50000E+2, 3.34028E-7, 1.82824E-9, 0.00000E+0, 2.50000E-1, 0.00000E+0, 0.00000E+0
4.75000E+2, 3.53479E-7, 1.85628E-9, 0.00000E+0, 2.50000E-1, 0.00000E+0, 0.00000E+0
5.00000E+2, 3.72937E-7, 1.82182E-9, 0.00000E+0, 2.50000E-1, 0.00000E+0, 0.00000E+0
-0.00000E+0, -1.80822E-8, 1.06919E-10, 0.00000E+0, 2.50000E-1, 0.00000E+0, 0.00000E+0
-1.00000E+1, -2.48309E-8, 3.76142E-10, 0.00000E+0, 2.50000E-1, 0.00000E+0, 0.00000E+0
-2.00000E+1, -3.16868E-8, 4.50412E-10, 0.00000E+0, 2.50000E-1, 0.00000E+0, 0.00000E+0
-3.00000E+1, -3.87075E-8, 4.30401E-10, 0.00000E+0, 2.50000E-1, 0.00000E+0, 0.00000E+0
-4.00000E+1, -4.57743E-8, 4.30848E-10, 0.00000E+0, 2.50000E-1, 0.00000E+0, 0.00000E+0
-5.00000E+1, -5.28536E-8, 4.26180E-10, 0.00000E+0, 2.50000E-1, 0.00000E+0, 0.00000E+0
-6.00000E+1, -6.01574E-8, 5.95620E-10, 0.00000E+0, 2.50000E-1, 0.00000E+0, 0.00000E+0
-7.00000E+1, -6.73210E-8, 4.20564E-10, 0.00000E+0, 2.50000E-1, 0.00000E+0, 0.00000E+0
-8.00000E+1, -7.44128E-8, 4.19204E-10, 0.00000E+0, 2.50000E-1, 0.00000E+0, 0.00000E+0
-9.00000E+1, -8.15650E-8, 4.66098E-10, 0.00000E+0, 2.50000E-1, 0.00000E+0, 0.00000E+0
-1.00000E+2, -8.86888E-8, 5.33203E-10, 0.00000E+0, 2.50000E-1, 0.00000E+0, 0.00000E+0
-1.10000E+2, -9.58452E-8, 6.16989E-10, 0.00000E+0, 2.50000E-1, 0.00000E+0, 0.00000E+0
-1.20000E+2, -1.03002E-7, 6.74496E-10, 0.00000E+0, 2.50000E-1, 0.00000E+0, 0.00000E+0
-1.30000E+2, -1.10128E-7, 6.87197E-10, 0.00000E+0, 2.50000E-1, 0.00000E+0, 0.00000E+0
-1.40000E+2, -1.17289E-7, 6.21872E-10, 0.00000E+0, 2.50000E-1, 0.00000E+0, 0.00000E+0
-1.50000E+2, -1.24427E-7, 5.67385E-10, 0.00000E+0, 2.50000E-1, 0.00000E+0, 0.00000E+0
-1.60000E+2, -1.31585E-7, 5.29093E-10, 0.00000E+0, 2.50000E-1, 0.00000E+0, 0.00000E+0
-1.70000E+2, -1.38749E-7, 5.01554E-10, 0.00000E+0, 2.50000E-1, 0.00000E+0, 0.00000E+0
-1.80000E+2, -1.45950E-7, 4.92497E-10, 0.00000E+0, 2.50000E-1, 0.00000E+0, 0.00000E+0
-1.90000E+2, -1.53107E-7, 4.80290E-10, 0.00000E+0, 2.50000E-1, 0.00000E+0, 0.00000E+0
-2.00000E+2, -1.60287E-7, 4.79431E-10, 0.00000E+0, 2.50000E-1, 0.00000E+0, 0.00000E+0
-2.10000E+2, -1.67448E-7, 4.70877E-10, 0.00000E+0, 2.50000E-1, 0.00000E+0, 0.00000E+0
-2.20000E+2, -1.74611E-7, 4.71565E-10, 0.00000E+0, 2.50000E-1, 0.00000E+0, 0.00000E+0
-2.30000E+2, -1.81775E-7, 5.01168E-10, 0.00000E+0, 2.50000E-1, 0.00000E+0, 0.00000E+0
-2.40000E+2, -1.88949E-7, 5.53107E-10, 0.00000E+0, 2.50000E-1, 0.00000E+0, 0.00000E+0
-2.50000E+2, -1.96142E-7, 5.63708E-10, 0.00000E+0, 2.50000E-1, 0.00000E+0, 0.00000E+0
-2.75000E+2, -2.13490E-7, 5.31037E-10, 0.00000E+0, 2.50000E-1, 0.00000E+0, 0.00000E+0
-3.00000E+2, -2.30925E-7, 9.83952E-10, 0.00000E+0, 2.50000E-1, 0.00000E+0, 0.00000E+0
-3.25000E+2, -2.48726E-7, 1.00240E-9, 0.00000E+0, 2.50000E-1, 0.00000E+0, 0.00000E+0
-3.50000E+2, -2.66598E-7, 9.99909E-10, 0.00000E+0, 2.50000E-1, 0.00000E+0, 0.00000E+0
-3.75000E+2, -2.84471E-7, 1.07516E-9, 0.00000E+0, 2.50000E-1, 0.00000E+0, 0.00000E+0
-4.00000E+2, -3.02394E-7, 1.13741E-9, 0.00000E+0, 2.50000E-1, 0.00000E+0, 0.00000E+0
-4.25000E+2, -3.20435E-7, 1.18616E-9, 0.00000E+0, 2.50000E-1, 0.00000E+0, 0.00000E+0
-4.50000E+2, -3.38530E-7, 1.21451E-9, 0.00000E+0, 2.50000E-1, 0.00000E+0, 0.00000E+0
-4.75000E+2, -3.56581E-7, 1.29891E-9, 0.00000E+0, 2.50000E-1, 0.00000E+0, 0.00000E+0
-5.00000E+2, -3.74566E-7, 1.42493E-9, 0.00000E+0, 2.50000E-1, 0.00000E+0, 0.00000E+0
