Voltage (V), Current (A), Standard Deviation (A), Pressure (Torr), Measurement delay (s), TC7, TC8
0.00000E+0, -1.79145E-8, 1.73658E-10, 0.00000E+0, 2.50000E-1, 0.00000E+0, 0.00000E+0
1.00000E+1, -6.82673E-9, 1.33884E-9, 0.00000E+0, 2.50000E-1, 0.00000E+0, 0.00000E+0
2.00000E+1, 3.37097E-9, 1.34521E-9, 0.00000E+0, 2.50000E-1, 0.00000E+0, 0.00000E+0
3.00000E+1, 1.35134E-8, 1.35741E-9, 0.00000E+0, 2.50000E-1, 0.00000E+0, 0.00000E+0
4.00000E+1, 2.31968E-8, 4.34531E-10, 0.00000E+0, 2.50000E-1, 0.00000E+0, 0.00000E+0
5.00000E+1, 3.40297E-8, 2.52397E-9, 0.00000E+0, 2.50000E-1, 0.00000E+0, 0.00000E+0
6.00000E+1, 4.37157E-8, 1.33288E-9, 0.00000E+0, 2.50000E-1, 0.00000E+0, 0.00000E+0
7.00000E+1, 5.37969E-8, 1.31881E-9, 0.00000E+0, 2.50000E-1, 0.00000E+0, 0.00000E+0
8.00000E+1, 6.38350E-8, 1.33608E-9, 0.00000E+0, 2.50000E-1, 0.00000E+0, 0.00000E+0
9.00000E+1, 7.38763E-8, 1.33669E-9, 0.00000E+0, 2.50000E-1, 0.00000E+0, 0.00000E+0
1.00000E+2, 8.40047E-8, 1.35140E-9, 0.00000E+0, 2.50000E-1, 0.00000E+0, 0.00000E+0
1.10000E+2, 9.40723E-8, 1.31937E-9, 0.00000E+0, 2.50000E-1, 0.00000E+0, 0.00000E+0
1.20000E+2, 1.04127E-7, 1.28811E-9, 0.00000E+0, 2.50000E-1, 0.00000E+0, 0.00000E+0
1.30000E+2, 1.14183E-7, 1.30901E-9, 0.00000E+0, 2.50000E-1, 0.00000E+0, 0.00000E+0
1.40000E+2, 1.24237E-7, 1.28925E-9, 0.00000E+0, 2.50000E-1, 0.00000E+0, 0.00000E+0
1.50000E+2, 1.34261E-7, 1.30696E-9, 0.00000E+0, 2.50000E-1, 0.00000E+0, 0.00000E+0
1.60000E+2, 1.44316E-7, 1.25855E-9, 0.00000E+0, 2.50000E-1, 0.00000E+0, 0.00000E+0
1.70000E+2, 1.54411E-7, 1.25415E-9, 0.00000E+0, 2.50000E-1, 0.00000E+0, 0.00000E+0
1.80000E+2, 1.64508E-7, 1.27268E-9, 0.00000E+0, 2.50000E-1, 0.00000E+0, 0.00000E+0
1.90000E+2, 1.74568E-7, 1.27360E-9, 0.00000E+0, 2.50000E-1, 0.00000E+0, 0.00000E+0
2.00000E+2, 1.84630E-7, 1.30366E-9, 0.00000E+0, 2.50000E-1, 0.00000E+0, 0.00000E+0
2.10000E+2, 1.94745E-7, 1.30614E-9, 0.00000E+0, 2.50000E-1, 0.00000E+0, 0.00000E+0
2.20000E+2, 2.04519E-7, 6.35373E-10, 0.00000E+0, 2.50000E-1, 0.00000E+0, 0.00000E+0
2.30000E+2, 2.14812E-7, 1.42217E-9, 0.00000E+0, 2.50000E-1, 0.00000E+0, 0.00000E+0
2.40000E+2, 2.24790E-7, 1.53916E-9, 0.00000E+0, 2.50000E-1, 0.00000E+0, 0.00000E+0
2.50000E+2, 2.34946E-7, 1.61682E-9, 0.00000E+0, 2.50000E-1, 0.00000E+0, 0.00000E+0
2.75000E+2, 2.61388E-7, 3.39202E-9, 0.00000E+0, 2.50000E-1, 0.00000E+0, 0.00000E+0
3.00000E+2, 2.86861E-7, 3.37279E-9, 0.00000E+0, 2.50000E-1, 0.00000E+0, 0.00000E+0
3.25000E+2, 3.12132E-7, 3.19588E-9, 0.00000E+0, 2.50000E-1, 0.00000E+0, 0.00000E+0
3.50000E+2, 3.37463E-7, 3.11832E-9, 0.00000E+0, 2.50000E-1, 0.00000E+0, 0.00000E+0
3.75000E+2, 3.62940E-7, 3.05053E-9, 0.00000E+0, 2.50000E-1, 0.00000E+0, 0.00000E+0
4.00000E+2, 3.88186E-7, 3.09163E-9, 0.00000E+0, 2.50000E-1, 0.00000E+0, 0.00000E+0
4.25000E+2, 4.13388E-7, 3.18852E-9, 0.00000E+0, 2.50000E-1, 0.00000E+0, 0.00000E+0
4.50000E+2, 4.38470E-7, 3.12038E-9, 0.00000E+0, 2.50000E-1, 0.00000E+0, 0.00000E+0
4.75000E+2, 4.63881E-7, 3.10057E-9, 0.00000E+0, 2.50000E-1, 0.00000E+0, 0.00000E+0
5.00000E+2, 4.89129E-7, 3.15202E-9, 0.00000E+0, 2.50000E-1, 0.00000E+0, 0.00000E+0
-0.00000E+0, -3.28482E-8, 7.95329E-9, 0.00000E+0, 2.50000E-1, 0.00000E+0, 0.00000E+0
-1.00000E+1, -3.25841E-8, 9.73149E-10, 0.00000E+0, 2.50000E-1, 0.00000E+0, 0.00000E+0
-2.00000E+1, -3.98089E-8, 6.62480E-10, 0.00000E+0, 2.50000E-1, 0.00000E+0, 0.00000E+0
-3.00000E+1, -4.82189E-8, 6.48630E-10, 0.00000E+0, 2.50000E-1, 0.00000E+0, 0.00000E+0
-4.00000E+1, -5.70474E-8, 5.02202E-10, 0.00000E+0, 2.50000E-1, 0.00000E+0, 0.00000E+0
-5.00000E+1, -6.61025E-8, 3.73763E-10, 0.00000E+0, 2.50000E-1, 0.00000E+0, 0.00000E+0
-6.00000E+1, -7.56081E-8, 3.06415E-10, 0.00000E+0, 2.50000E-1, 0.00000E+0, 0.00000E+0
-7.00000E+1, -8.48239E-8, 2.49620E-10, 0.00000E+0, 2.50000E-1, 0.00000E+0, 0.00000E+0
-8.00000E+1, -9.41359E-8, 2.48268E-10, 0.00000E+0, 2.50000E-1, 0.00000E+0, 0.00000E+0
-9.00000E+1, -1.03533E-7, 2.60809E-10, 0.00000E+0, 2.50000E-1, 0.00000E+0, 0.00000E+0
-1.00000E+2, -1.12913E-7, 2.79757E-10, 0.00000E+0, 2.50000E-1, 0.00000E+0, 0.00000E+0
-1.10000E+2, -1.22379E-7, 2.00579E-10, 0.00000E+0, 2.50000E-1, 0.00000E+0, 0.00000E+0
-1.20000E+2, -1.31799E-7, 3.14899E-10, 0.00000E+0, 2.50000E-1, 0.00000E+0, 0.00000E+0
-1.30000E+2, -1.41278E-7, 4.90292E-10, 0.00000E+0, 2.50000E-1, 0.00000E+0, 0.00000E+0
-1.40000E+2, -1.50719E-7, 6.28891E-10, 0.00000E+0, 2.50000E-1, 0.00000E+0, 0.00000E+0
-1.50000E+2, -1.60187E-7, 7.23612E-10, 0.00000E+0, 2.50000E-1, 0.00000E+0, 0.00000E+0
-1.60000E+2, -1.69636E-7, 6.40010E-10, 0.00000E+0, 2.50000E-1, 0.00000E+0, 0.00000E+0
-1.70000E+2, -1.79127E-7, 5.15844E-10, 0.00000E+0, 2.50000E-1, 0.00000E+0, 0.00000E+0
-1.80000E+2, -1.88627E-7, 4.29649E-10, 0.00000E+0, 2.50000E-1, 0.00000E+0, 0.00000E+0
-1.90000E+2, -1.98133E-7, 3.36280E-10, 0.00000E+0, 2.50000E-1, 0.00000E+0, 0.00000E+0
-2.00000E+2, -2.07695E-7, 3.43643E-10, 0.00000E+0, 2.50000E-1, 0.00000E+0, 0.00000E+0
-2.10000E+2, -2.17084E-7, 4.62990E-10, 0.00000E+0, 2.50000E-1, 0.00000E+0, 0.00000E+0
-2.20000E+2, -2.26489E-7, 2.25805E-10, 0.00000E+0, 2.50000E-1, 0.00000E+0, 0.00000E+0
-2.30000E+2, -2.36015E-7, 3.42742E-10, 0.00000E+0, 2.50000E-1, 0.00000E+0, 0.00000E+0
-2.40000E+2, -2.45622E-7, 5.63596E-10, 0.00000E+0, 2.50000E-1, 0.00000E+0, 0.00000E+0
-2.50000E+2, -2.55133E-7, 6.90299E-10, 0.00000E+0, 2.50000E-1, 0.00000E+0, 0.00000E+0
-2.75000E+2, -2.78481E-7, 8.89100E-10, 0.00000E+0, 2.50000E-1, 0.00000E+0, 0.00000E+0
-3.00000E+2, -3.02240E-7, 9.16939E-10, 0.00000E+0, 2.50000E-1, 0.00000E+0, 0.00000E+0
-3.25000E+2, -3.26059E-7, 6.46588E-10, 0.00000E+0, 2.50000E-1, 0.00000E+0, 0.00000E+0
-3.50000E+2, -3.49692E-7, 5.95442E-10, 0.00000E+0, 2.50000E-1, 0.00000E+0, 0.00000E+0
-3.75000E+2, -3.73468E-7, 6.12713E-10, 0.00000E+0, 2.50000E-1, 0.00000E+0, 0.00000E+0
-4.00000E+2, -3.97236E-7, 6.25801E-10, 0.00000E+0, 2.50000E-1, 0.00000E+0, 0.00000E+0
-4.25000E+2, -4.21126E-7, 6.61114E-10, 0.00000E+0, 2.50000E-1, 0.00000E+0, 0.00000E+0
-4.50000E+2, -4.45047E-7, 6.36502E-10, 0.00000E+0, 2.50000E-1, 0.00000E+0, 0.00000E+0
-4.75000E+2, -4.68956E-7, 6.71651E-10, 0.00000E+0, 2.50000E-1, 0.00000E+0, 0.00000E+0
-5.00000E+2, -4.92845E-7, 6.48181E-10, 0.00000E+0, 2.50000E-1, 0.00000E+0, 0.00000E+0
