Voltage (V), Current (A), Standard Deviation (A), Pressure (Torr), Measurement delay (s), TC7, TC8
0.00000E+0, -2.12502E-8, 1.01303E-9, 0.00000E+0, 2.50000E-1, 0.00000E+0, 0.00000E+0
1.00000E+1, -5.06950E-10, 2.13301E-10, 0.00000E+0, 2.50000E-1, 0.00000E+0, 0.00000E+0
2.00000E+1, 1.96803E-8, 8.13027E-10, 0.00000E+0, 2.50000E-1, 0.00000E+0, 0.00000E+0
3.00000E+1, 4.01058E-8, 4.29937E-10, 0.00000E+0, 2.50000E-1, 0.00000E+0, 0.00000E+0
4.00000E+1, 6.07571E-8, 1.35401E-9, 0.00000E+0, 2.50000E-1, 0.00000E+0, 0.00000E+0
5.00000E+1, 8.15596E-8, 3.31158E-9, 0.00000E+0, 2.50000E-1, 0.00000E+0, 0.00000E+0
6.00000E+1, 1.00988E-7, 2.15860E-9, 0.00000E+0, 2.50000E-1, 0.00000E+0, 0.00000E+0
7.00000E+1, 1.21201E-7, 2.41444E-9, 0.00000E+0, 2.50000E-1, 0.00000E+0, 0.00000E+0
8.00000E+1, 1.41271E-7, 2.01314E-9, 0.00000E+0, 2.50000E-1, 0.00000E+0, 0.00000E+0
9.00000E+1, 1.61473E-7, 1.68858E-9, 0.00000E+0, 2.50000E-1, 0.00000E+0, 0.00000E+0
1.00000E+2, 1.81665E-7, 1.40308E-9, 0.00000E+0, 2.50000E-1, 0.00000E+0, 0.00000E+0
1.10000E+2, 2.01523E-7, 1.30444E-9, 0.00000E+0, 2.50000E-1, 0.00000E+0, 0.00000E+0
1.20000E+2, 2.22032E-7, 1.25635E-9, 0.00000E+0, 2.50000E-1, 0.00000E+0, 0.00000E+0
1.30000E+2, 2.42145E-7, 1.17504E-9, 0.00000E+0, 2.50000E-1, 0.00000E+0, 0.00000E+0
1.40000E+2, 2.62274E-7, 1.21033E-9, 0.00000E+0, 2.50000E-1, 0.00000E+0, 0.00000E+0
1.50000E+2, 2.82385E-7, 1.45859E-9, 0.00000E+0, 2.50000E-1, 0.00000E+0, 0.00000E+0
1.60000E+2, 3.02684E-7, 2.58603E-9, 0.00000E+0, 2.50000E-1, 0.00000E+0, 0.00000E+0
1.70000E+2, 3.22858E-7, 3.07742E-9, 0.00000E+0, 2.50000E-1, 0.00000E+0, 0.00000E+0
1.80000E+2, 3.43155E-7, 3.74553E-9, 0.00000E+0, 2.50000E-1, 0.00000E+0, 0.00000E+0
1.90000E+2, 3.63392E-7, 3.36281E-9, 0.00000E+0, 2.50000E-1, 0.00000E+0, 0.00000E+0
2.00000E+2, 3.83729E-7, 2.47666E-9, 0.00000E+0, 2.50000E-1, 0.00000E+0, 0.00000E+0
2.10000E+2, 4.03834E-7, 1.60846E-9, 0.00000E+0, 2.50000E-1, 0.00000E+0, 0.00000E+0
2.20000E+2, 4.24073E-7, 1.47688E-9, 0.00000E+0, 2.50000E-1, 0.00000E+0, 0.00000E+0
2.30000E+2, 4.44131E-7, 1.17726E-9, 0.00000E+0, 2.50000E-1, 0.00000E+0, 0.00000E+0
2.40000E+2, 4.64381E-7, 1.42846E-9, 0.00000E+0, 2.50000E-1, 0.00000E+0, 0.00000E+0
2.50000E+2, 4.84616E-7, 1.31240E-9, 0.00000E+0, 2.50000E-1, 0.00000E+0, 0.00000E+0
2.75000E+2, 5.36405E-7, 3.13545E-9, 0.00000E+0, 2.50000E-1, 0.00000E+0, 0.00000E+0
3.00000E+2, 5.87400E-7, 2.94403E-9, 0.00000E+0, 2.50000E-1, 0.00000E+0, 0.00000E+0
3.25000E+2, 6.38090E-7, 3.11889E-9, 0.00000E+0, 2.50000E-1, 0.00000E+0, 0.00000E+0
3.50000E+2, 6.88839E-7, 3.24635E-9, 0.00000E+0, 2.50000E-1, 0.00000E+0, 0.00000E+0
3.75000E+2, 7.39746E-7, 3.69457E-9, 0.00000E+0, 2.50000E-1, 0.00000E+0, 0.00000E+0
4.00000E+2, 7.90398E-7, 3.62340E-9, 0.00000E+0, 2.50000E-1, 0.00000E+0, 0.00000E+0
4.25000E+2, 8.41224E-7, 2.95079E-9, 0.00000E+0, 2.50000E-1, 0.00000E+0, 0.00000E+0
4.50000E+2, 8.92041E-7, 2.56370E-9, 0.00000E+0, 2.50000E-1, 0.00000E+0, 0.00000E+0
4.75000E+2, 9.42908E-7, 2.92730E-9, 0.00000E+0, 2.50000E-1, 0.00000E+0, 0.00000E+0
5.00000E+2, 9.93771E-7, 2.70887E-9, 0.00000E+0, 2.50000E-1, 0.00000E+0, 0.00000E+0
-0.00000E+0, -3.47202E-8, 6.86043E-9, 0.00000E+0, 2.50000E-1, 0.00000E+0, 0.00000E+0
-1.00000E+1, -4.48568E-8, 1.06403E-9, 0.00000E+0, 2.50000E-1, 0.00000E+0, 0.00000E+0
-2.00000E+1, -6.22860E-8, 7.72136E-10, 0.00000E+0, 2.50000E-1, 0.00000E+0, 0.00000E+0
-3.00000E+1, -8.05524E-8, 6.17904E-10, 0.00000E+0, 2.50000E-1, 0.00000E+0, 0.00000E+0
-4.00000E+1, -9.94932E-8, 5.03347E-10, 0.00000E+0, 2.50000E-1, 0.00000E+0, 0.00000E+0
-5.00000E+1, -1.18348E-7, 1.18478E-9, 0.00000E+0, 2.50000E-1, 0.00000E+0, 0.00000E+0
-6.00000E+1, -1.37832E-7, 2.10491E-9, 0.00000E+0, 2.50000E-1, 0.00000E+0, 0.00000E+0
-7.00000E+1, -1.56988E-7, 2.44328E-9, 0.00000E+0, 2.50000E-1, 0.00000E+0, 0.00000E+0
-8.00000E+1, -1.76223E-7, 2.63988E-9, 0.00000E+0, 2.50000E-1, 0.00000E+0, 0.00000E+0
-9.00000E+1, -1.95448E-7, 2.16286E-9, 0.00000E+0, 2.50000E-1, 0.00000E+0, 0.00000E+0
-1.00000E+2, -2.14793E-7, 1.13498E-9, 0.00000E+0, 2.50000E-1, 0.00000E+0, 0.00000E+0
-1.10000E+2, -2.34343E-7, 6.63443E-10, 0.00000E+0, 2.50000E-1, 0.00000E+0, 0.00000E+0
-1.20000E+2, -2.53534E-7, 7.72704E-10, 0.00000E+0, 2.50000E-1, 0.00000E+0, 0.00000E+0
-1.30000E+2, -2.72913E-7, 6.96037E-10, 0.00000E+0, 2.50000E-1, 0.00000E+0, 0.00000E+0
-1.40000E+2, -2.92182E-7, 9.93376E-10, 0.00000E+0, 2.50000E-1, 0.00000E+0, 0.00000E+0
-1.50000E+2, -3.11555E-7, 7.52658E-10, 0.00000E+0, 2.50000E-1, 0.00000E+0, 0.00000E+0
-1.60000E+2, -3.30833E-7, 1.31548E-9, 0.00000E+0, 2.50000E-1, 0.00000E+0, 0.00000E+0
-1.70000E+2, -3.50252E-7, 2.16949E-9, 0.00000E+0, 2.50000E-1, 0.00000E+0, 0.00000E+0
-1.80000E+2, -3.69627E-7, 2.78844E-9, 0.00000E+0, 2.50000E-1, 0.00000E+0, 0.00000E+0
-1.90000E+2, -3.89127E-7, 3.21899E-9, 0.00000E+0, 2.50000E-1, 0.00000E+0, 0.00000E+0
-2.00000E+2, -4.08570E-7, 2.57858E-9, 0.00000E+0, 2.50000E-1, 0.00000E+0, 0.00000E+0
-2.10000E+2, -4.28103E-7, 1.38756E-9, 0.00000E+0, 2.50000E-1, 0.00000E+0, 0.00000E+0
-2.20000E+2, -4.47397E-7, 7.75200E-10, 0.00000E+0, 2.50000E-1, 0.00000E+0, 0.00000E+0
-2.30000E+2, -4.66936E-7, 5.65886E-10, 0.00000E+0, 2.50000E-1, 0.00000E+0, 0.00000E+0
-2.40000E+2, -4.86277E-7, 6.15017E-10, 0.00000E+0, 2.50000E-1, 0.00000E+0, 0.00000E+0
-2.50000E+2, -5.05724E-7, 5.91968E-10, 0.00000E+0, 2.50000E-1, 0.00000E+0, 0.00000E+0
-2.75000E+2, -5.53751E-7, 1.16836E-9, 0.00000E+0, 2.50000E-1, 0.00000E+0, 0.00000E+0
-3.00000E+2, -6.02208E-7, 1.05804E-9, 0.00000E+0, 2.50000E-1, 0.00000E+0, 0.00000E+0
-3.25000E+2, -6.50702E-7, 1.52452E-9, 0.00000E+0, 2.50000E-1, 0.00000E+0, 0.00000E+0
-3.50000E+2, -6.99350E-7, 2.44597E-9, 0.00000E+0, 2.50000E-1, 0.00000E+0, 0.00000E+0
-3.75000E+2, -7.47940E-7, 3.05661E-9, 0.00000E+0, 2.50000E-1, 0.00000E+0, 0.00000E+0
-4.00000E+2, -7.96499E-7, 3.64564E-9, 0.00000E+0, 2.50000E-1, 0.00000E+0, 0.00000E+0
-4.25000E+2, -8.45208E-7, 3.46280E-9, 0.00000E+0, 2.50000E-1, 0.00000E+0, 0.00000E+0
-4.50000E+2, -8.93867E-7, 2.49039E-9, 0.00000E+0, 2.50000E-1, 0.00000E+0, 0.00000E+0
-4.75000E+2, -9.42707E-7, 1.68879E-9, 0.00000E+0, 2.50000E-1, 0.00000E+0, 0.00000E+0
-5.00000E+2, -9.91483E-7, 1.39781E-9, 0.00000E+0, 2.50000E-1, 0.00000E+0, 0.00000E+0
