Voltage (V), Current (A), Standard Deviation (A), Pressure (Torr), Measurement delay (s), TC7, TC8
0.00000E+0, -2.10977E-8, 1.06908E-9, 0.00000E+0, 2.50000E-1, 0.00000E+0, 0.00000E+0
1.00000E+1, -1.44017E-9, 6.39776E-9, 0.00000E+0, 2.50000E-1, 0.00000E+0, 0.00000E+0
2.00000E+1, 2.18401E-8, 1.17592E-9, 0.00000E+0, 2.50000E-1, 0.00000E+0, 0.00000E+0
3.00000E+1, 4.02267E-8, 7.01840E-9, 0.00000E+0, 2.50000E-1, 0.00000E+0, 0.00000E+0
4.00000E+1, 6.36501E-8, 1.96574E-9, 0.00000E+0, 2.50000E-1, 0.00000E+0, 0.00000E+0
5.00000E+1, 8.48558E-8, 3.79264E-9, 0.00000E+0, 2.50000E-1, 0.00000E+0, 0.00000E+0
6.00000E+1, 1.04918E-7, 1.51739E-9, 0.00000E+0, 2.50000E-1, 0.00000E+0, 0.00000E+0
7.00000E+1, 1.25697E-7, 1.66948E-9, 0.00000E+0, 2.50000E-1, 0.00000E+0, 0.00000E+0
8.00000E+1, 1.46349E-7, 1.42791E-9, 0.00000E+0, 2.50000E-1, 0.00000E+0, 0.00000E+0
9.00000E+1, 1.67337E-7, 1.53122E-9, 0.00000E+0, 2.50000E-1, 0.00000E+0, 0.00000E+0
1.00000E+2, 1.88068E-7, 1.29911E-9, 0.00000E+0, 2.50000E-1, 0.00000E+0, 0.00000E+0
1.10000E+2, 2.08721E-7, 2.50248E-9, 0.00000E+0, 2.50000E-1, 0.00000E+0, 0.00000E+0
1.20000E+2, 2.29836E-7, 3.10740E-9, 0.00000E+0, 2.50000E-1, 0.00000E+0, 0.00000E+0
1.30000E+2, 2.50578E-7, 3.03974E-9, 0.00000E+0, 2.50000E-1, 0.00000E+0, 0.00000E+0
1.40000E+2, 2.71409E-7, 1.83834E-9, 0.00000E+0, 2.50000E-1, 0.00000E+0, 0.00000E+0
1.50000E+2, 2.92114E-7, 1.12371E-9, 0.00000E+0, 2.50000E-1, 0.00000E+0, 0.00000E+0
1.60000E+2, 3.13041E-7, 1.18994E-9, 0.00000E+0, 2.50000E-1, 0.00000E+0, 0.00000E+0
1.70000E+2, 3.33683E-7, 1.06721E-9, 0.00000E+0, 2.50000E-1, 0.00000E+0, 0.00000E+0
1.80000E+2, 3.54712E-7, 1.27861E-9, 0.00000E+0, 2.50000E-1, 0.00000E+0, 0.00000E+0
1.90000E+2, 3.75507E-7, 1.12010E-9, 0.00000E+0, 2.50000E-1, 0.00000E+0, 0.00000E+0
2.00000E+2, 3.96475E-7, 1.24076E-9, 0.00000E+0, 2.50000E-1, 0.00000E+0, 0.00000E+0
2.10000E+2, 4.17201E-7, 1.20745E-9, 0.00000E+0, 2.50000E-1, 0.00000E+0, 0.00000E+0
2.20000E+2, 4.38167E-7, 2.18243E-9, 0.00000E+0, 2.50000E-1, 0.00000E+0, 0.00000E+0
2.30000E+2, 4.59118E-7, 3.07246E-9, 0.00000E+0, 2.50000E-1, 0.00000E+0, 0.00000E+0
2.40000E+2, 4.79952E-7, 3.47867E-9, 0.00000E+0, 2.50000E-1, 0.00000E+0, 0.00000E+0
2.50000E+2, 5.01055E-7, 3.86408E-9, 0.00000E+0, 2.50000E-1, 0.00000E+0, 0.00000E+0
2.75000E+2, 5.54500E-7, 4.19230E-9, 0.00000E+0, 2.50000E-1, 0.00000E+0, 0.00000E+0
3.00000E+2, 6.07013E-7, 3.43514E-9, 0.00000E+0, 2.50000E-1, 0.00000E+0, 0.00000E+0
3.25000E+2, 6.59310E-7, 3.06708E-9, 0.00000E+0, 2.50000E-1, 0.00000E+0, 0.00000E+0
3.50000E+2, 7.11831E-7, 2.91033E-9, 0.00000E+0, 2.50000E-1, 0.00000E+0, 0.00000E+0
3.75000E+2, 7.64205E-7, 3.11837E-9, 0.00000E+0, 2.50000E-1, 0.00000E+0, 0.00000E+0
4.00000E+2, 8.16636E-7, 2.95188E-9, 0.00000E+0, 2.50000E-1, 0.00000E+0, 0.00000E+0
4.25000E+2, 8.68873E-7, 3.33788E-9, 0.00000E+0, 2.50000E-1, 0.00000E+0, 0.00000E+0
4.50000E+2, 9.21484E-7, 3.04332E-9, 0.00000E+0, 2.50000E-1, 0.00000E+0, 0.00000E+0
4.75000E+2, 9.74131E-7, 3.13816E-9, 0.00000E+0, 2.50000E-1, 0.00000E+0, 0.00000E+0
5.00000E+2, 1.02650E-6, 3.18030E-9, 0.00000E+0, 2.50000E-1, 0.00000E+0, 0.00000E+0
-0.00000E+0, -3.43131E-8, 7.07917E-9, 0.00000E+0, 2.50000E-1, 0.00000E+0, 0.00000E+0
-1.00000E+1, -4.50719E-8, 2.51532E-9, 0.00000E+0, 2.50000E-1, 0.00000E+0, 0.00000E+0
-2.00000E+1, -6.31098E-8, 2.39844E-9, 0.00000E+0, 2.50000E-1, 0.00000E+0, 0.00000E+0
-3.00000E+1, -8.20234E-8, 2.12952E-9, 0.00000E+0, 2.50000E-1, 0.00000E+0, 0.00000E+0
-4.00000E+1, -1.01488E-7, 1.46375E-9, 0.00000E+0, 2.50000E-1, 0.00000E+0, 0.00000E+0
-5.00000E+1, -1.21095E-7, 1.15055E-9, 0.00000E+0, 2.50000E-1, 0.00000E+0, 0.00000E+0
-6.00000E+1, -1.41097E-7, 1.03777E-9, 0.00000E+0, 2.50000E-1, 0.00000E+0, 0.00000E+0
-7.00000E+1, -1.61006E-7, 7.84666E-10, 0.00000E+0, 2.50000E-1, 0.00000E+0, 0.00000E+0
-8.00000E+1, -1.80814E-7, 7.91430E-10, 0.00000E+0, 2.50000E-1, 0.00000E+0, 0.00000E+0
-9.00000E+1, -2.00779E-7, 7.87185E-10, 0.00000E+0, 2.50000E-1, 0.00000E+0, 0.00000E+0
-1.00000E+2, -2.20764E-7, 1.26384E-9, 0.00000E+0, 2.50000E-1, 0.00000E+0, 0.00000E+0
-1.10000E+2, -2.40608E-7, 2.21036E-9, 0.00000E+0, 2.50000E-1, 0.00000E+0, 0.00000E+0
-1.20000E+2, -2.60439E-7, 3.03369E-9, 0.00000E+0, 2.50000E-1, 0.00000E+0, 0.00000E+0
-1.30000E+2, -2.80474E-7, 3.46964E-9, 0.00000E+0, 2.50000E-1, 0.00000E+0, 0.00000E+0
-1.40000E+2, -3.00222E-7, 3.11919E-9, 0.00000E+0, 2.50000E-1, 0.00000E+0, 0.00000E+0
-1.50000E+2, -3.20267E-7, 1.94065E-9, 0.00000E+0, 2.50000E-1, 0.00000E+0, 0.00000E+0
-1.60000E+2, -3.40205E-7, 1.11923E-9, 0.00000E+0, 2.50000E-1, 0.00000E+0, 0.00000E+0
-1.70000E+2, -3.60359E-7, 8.05515E-10, 0.00000E+0, 2.50000E-1, 0.00000E+0, 0.00000E+0
-1.80000E+2, -3.80357E-7, 7.78247E-10, 0.00000E+0, 2.50000E-1, 0.00000E+0, 0.00000E+0
-1.90000E+2, -4.00461E-7, 8.34525E-10, 0.00000E+0, 2.50000E-1, 0.00000E+0, 0.00000E+0
-2.00000E+2, -4.20549E-7, 9.27032E-10, 0.00000E+0, 2.50000E-1, 0.00000E+0, 0.00000E+0
-2.10000E+2, -4.40524E-7, 1.01892E-9, 0.00000E+0, 2.50000E-1, 0.00000E+0, 0.00000E+0
-2.20000E+2, -4.60543E-7, 1.03256E-9, 0.00000E+0, 2.50000E-1, 0.00000E+0, 0.00000E+0
-2.30000E+2, -4.80464E-7, 1.90455E-9, 0.00000E+0, 2.50000E-1, 0.00000E+0, 0.00000E+0
-2.40000E+2, -5.00592E-7, 2.63613E-9, 0.00000E+0, 2.50000E-1, 0.00000E+0, 0.00000E+0
-2.50000E+2, -5.20512E-7, 3.18352E-9, 0.00000E+0, 2.50000E-1, 0.00000E+0, 0.00000E+0
-2.75000E+2, -5.70264E-7, 3.08967E-9, 0.00000E+0, 2.50000E-1, 0.00000E+0, 0.00000E+0
-3.00000E+2, -6.20262E-7, 2.00890E-9, 0.00000E+0, 2.50000E-1, 0.00000E+0, 0.00000E+0
-3.25000E+2, -6.70281E-7, 1.20522E-9, 0.00000E+0, 2.50000E-1, 0.00000E+0, 0.00000E+0
-3.50000E+2, -7.20556E-7, 1.06380E-9, 0.00000E+0, 2.50000E-1, 0.00000E+0, 0.00000E+0
-3.75000E+2, -7.70559E-7, 1.18095E-9, 0.00000E+0, 2.50000E-1, 0.00000E+0, 0.00000E+0
-4.00000E+2, -8.20835E-7, 1.12637E-9, 0.00000E+0, 2.50000E-1, 0.00000E+0, 0.00000E+0
-4.25000E+2, -8.71099E-7, 1.29486E-9, 0.00000E+0, 2.50000E-1, 0.00000E+0, 0.00000E+0
-4.50000E+2, -9.21501E-7, 1.23735E-9, 0.00000E+0, 2.50000E-1, 0.00000E+0, 0.00000E+0
-4.75000E+2, -9.71743E-7, 1.19488E-9, 0.00000E+0, 2.50000E-1, 0.00000E+0, 0.00000E+0
-5.00000E+2, -1.02217E-6, 2.16336E-9, 0.00000E+0, 2.50000E-1, 0.00000E+0, 0.00000E+0
