Voltage (V), Current (A), Standard Deviation (A), Pressure (Torr), Measurement delay (s), TC7, TC8
0.00000E+0, -2.71400E-12, 2.39159E-11, 0.00000E+0, 1.00000E+1, 0.00000E+0, 0.00000E+0
1.00000E+1, 3.27217E-9, 6.82096E-11, 0.00000E+0, 1.00000E+1, 0.00000E+0, 0.00000E+0
2.00000E+1, 6.56102E-9, 3.83300E-10, 0.00000E+0, 1.00000E+1, 0.00000E+0, 0.00000E+0
3.00000E+1, 9.85313E-9, 1.07722E-10, 0.00000E+0, 1.00000E+1, 0.00000E+0, 0.00000E+0
4.00000E+1, 1.31185E-8, 3.32665E-10, 0.00000E+0, 1.00000E+1, 0.00000E+0, 0.00000E+0
5.00000E+1, 1.64080E-8, 2.41906E-10, 0.00000E+0, 1.00000E+1, 0.00000E+0, 0.00000E+0
6.00000E+1, 1.96923E-8, 2.91727E-10, 0.00000E+0, 1.00000E+1, 0.00000E+0, 0.00000E+0
7.00000E+1, 2.29973E-8, 1.10511E-9, 0.00000E+0, 1.00000E+1, 0.00000E+0, 0.00000E+0
8.00000E+1, 2.62858E-8, 8.18831E-11, 0.00000E+0, 1.00000E+1, 0.00000E+0, 0.00000E+0
9.00000E+1, 2.95928E-8, 8.85265E-10, 0.00000E+0, 1.00000E+1, 0.00000E+0, 0.00000E+0
1.00000E+2, 3.28845E-8, 7.39493E-11, 0.00000E+0, 1.00000E+1, 0.00000E+0, 0.00000E+0
1.10000E+2, 3.61427E-8, 5.72193E-10, 0.00000E+0, 1.00000E+1, 0.00000E+0, 0.00000E+0
1.20000E+2, 3.94369E-8, 3.46239E-10, 0.00000E+0, 1.00000E+1, 0.00000E+0, 0.00000E+0
1.30000E+2, 4.27691E-8, 3.31971E-10, 0.00000E+0, 1.00000E+1, 0.00000E+0, 0.00000E+0
1.40000E+2, 4.60663E-8, 6.61982E-10, 0.00000E+0, 1.00000E+1, 0.00000E+0, 0.00000E+0
1.50000E+2, 4.93314E-8, 1.84714E-10, 0.00000E+0, 1.00000E+1, 0.00000E+0, 0.00000E+0
1.60000E+2, 5.26231E-8, 8.99462E-10, 0.00000E+0, 1.00000E+1, 0.00000E+0, 0.00000E+0
1.70000E+2, 5.59371E-8, 1.01202E-10, 0.00000E+0, 1.00000E+1, 0.00000E+0, 0.00000E+0
1.80000E+2, 5.92459E-8, 1.06715E-9, 0.00000E+0, 1.00000E+1, 0.00000E+0, 0.00000E+0
1.90000E+2, 6.25443E-8, 7.46935E-11, 0.00000E+0, 1.00000E+1, 0.00000E+0, 0.00000E+0
2.00000E+2, 6.58548E-8, 1.05421E-9, 0.00000E+0, 1.00000E+1, 0.00000E+0, 0.00000E+0
2.10000E+2, 6.91520E-8, 8.36819E-11, 0.00000E+0, 1.00000E+1, 0.00000E+0, 0.00000E+0
2.20000E+2, 7.24297E-8, 7.59068E-10, 0.00000E+0, 1.00000E+1, 0.00000E+0, 0.00000E+0
2.30000E+2, 7.57483E-8, 1.48430E-10, 0.00000E+0, 1.00000E+1, 0.00000E+0, 0.00000E+0
2.40000E+2, 7.91027E-8, 4.68466E-10, 0.00000E+0, 1.00000E+1, 0.00000E+0, 0.00000E+0
2.50000E+2, 8.24277E-8, 4.78606E-10, 0.00000E+0, 1.00000E+1, 0.00000E+0, 0.00000E+0
2.75000E+2, 9.07360E-8, 4.21731E-10, 0.00000E+0, 3.00000E+1, 0.00000E+0, 0.00000E+0
3.00000E+2, 9.90148E-8, 2.71234E-10, 0.00000E+0, 3.00000E+1, 0.00000E+0, 0.00000E+0
3.25000E+2, 1.07329E-7, 5.82272E-10, 0.00000E+0, 3.00000E+1, 0.00000E+0, 0.00000E+0
3.50000E+2, 1.15699E-7, 9.88411E-11, 0.00000E+0, 3.00000E+1, 0.00000E+0, 0.00000E+0
3.75000E+2, 1.24043E-7, 7.65557E-10, 0.00000E+0, 3.00000E+1, 0.00000E+0, 0.00000E+0
4.00000E+2, 1.32345E-7, 8.66349E-11, 0.00000E+0, 3.00000E+1, 0.00000E+0, 0.00000E+0
4.25000E+2, 1.40668E-7, 9.58388E-10, 0.00000E+0, 3.00000E+1, 0.00000E+0, 0.00000E+0
4.50000E+2, 1.49036E-7, 8.66772E-11, 0.00000E+0, 3.00000E+1, 0.00000E+0, 0.00000E+0
4.75000E+2, 1.57383E-7, 1.08950E-9, 0.00000E+0, 3.00000E+1, 0.00000E+0, 0.00000E+0
5.00000E+2, 1.65734E-7, 8.30947E-11, 0.00000E+0, 3.00000E+1, 0.00000E+0, 0.00000E+0
-0.00000E+0, -6.96600E-12, 1.63372E-11, 0.00000E+0, 1.00000E+1, 0.00000E+0, 0.00000E+0
-1.00000E+1, -3.31093E-9, 1.57818E-10, 0.00000E+0, 1.00000E+1, 0.00000E+0, 0.00000E+0
-2.00000E+1, -6.59652E-9, 4.17726E-10, 0.00000E+0, 1.00000E+1, 0.00000E+0, 0.00000E+0
-3.00000E+1, -9.88437E-9, 5.30273E-11, 0.00000E+0, 1.00000E+1, 0.00000E+0, 0.00000E+0
-4.00000E+1, -1.31962E-8, 3.74011E-10, 0.00000E+0, 1.00000E+1, 0.00000E+0, 0.00000E+0
-5.00000E+1, -1.64931E-8, 1.27374E-10, 0.00000E+0, 1.00000E+1, 0.00000E+0, 0.00000E+0
-6.00000E+1, -1.97865E-8, 3.30561E-10, 0.00000E+0, 1.00000E+1, 0.00000E+0, 0.00000E+0
-7.00000E+1, -2.31001E-8, 1.04250E-9, 0.00000E+0, 1.00000E+1, 0.00000E+0, 0.00000E+0
-8.00000E+1, -2.64035E-8, 7.92804E-11, 0.00000E+0, 1.00000E+1, 0.00000E+0, 0.00000E+0
-9.00000E+1, -2.97051E-8, 1.08288E-9, 0.00000E+0, 1.00000E+1, 0.00000E+0, 0.00000E+0
-1.00000E+2, -3.30137E-8, 9.02048E-11, 0.00000E+0, 1.00000E+1, 0.00000E+0, 0.00000E+0
-1.10000E+2, -3.63408E-8, 8.26994E-10, 0.00000E+0, 1.00000E+1, 0.00000E+0, 0.00000E+0
-1.20000E+2, -3.96405E-8, 1.03241E-10, 0.00000E+0, 1.00000E+1, 0.00000E+0, 0.00000E+0
-1.30000E+2, -4.29126E-8, 5.21740E-10, 0.00000E+0, 1.00000E+1, 0.00000E+0, 0.00000E+0
-1.40000E+2, -4.62072E-8, 4.10116E-10, 0.00000E+0, 1.00000E+1, 0.00000E+0, 0.00000E+0
-1.50000E+2, -4.95549E-8, 2.98511E-10, 0.00000E+0, 1.00000E+1, 0.00000E+0, 0.00000E+0
-1.60000E+2, -5.28736E-8, 7.12078E-10, 0.00000E+0, 1.00000E+1, 0.00000E+0, 0.00000E+0
-1.70000E+2, -5.61612E-8, 1.65094E-10, 0.00000E+0, 1.00000E+1, 0.00000E+0, 0.00000E+0
-1.80000E+2, -5.94651E-8, 9.39235E-10, 0.00000E+0, 1.00000E+1, 0.00000E+0, 0.00000E+0
-1.90000E+2, -6.27996E-8, 9.87097E-11, 0.00000E+0, 1.00000E+1, 0.00000E+0, 0.00000E+0
-2.00000E+2, -6.61248E-8, 1.08314E-9, 0.00000E+0, 1.00000E+1, 0.00000E+0, 0.00000E+0
-2.10000E+2, -6.94418E-8, 8.17989E-11, 0.00000E+0, 1.00000E+1, 0.00000E+0, 0.00000E+0
-2.20000E+2, -7.27686E-8, 1.00538E-9, 0.00000E+0, 1.00000E+1, 0.00000E+0, 0.00000E+0
-2.30000E+2, -7.60764E-8, 8.46997E-11, 0.00000E+0, 1.00000E+1, 0.00000E+0, 0.00000E+0
-2.40000E+2, -7.93745E-8, 7.00657E-10, 0.00000E+0, 1.00000E+1, 0.00000E+0, 0.00000E+0
-2.50000E+2, -8.26800E-8, 2.15483E-10, 0.00000E+0, 1.00000E+1, 0.00000E+0, 0.00000E+0
-2.75000E+2, -9.10364E-8, 6.41722E-10, 0.00000E+0, 3.00000E+1, 0.00000E+0, 0.00000E+0
-3.00000E+2, -9.94326E-8, 7.12838E-11, 0.00000E+0, 3.00000E+1, 0.00000E+0, 0.00000E+0
-3.25000E+2, -1.07809E-7, 8.24435E-10, 0.00000E+0, 3.00000E+1, 0.00000E+0, 0.00000E+0
-3.50000E+2, -1.16170E-7, 8.69996E-11, 0.00000E+0, 3.00000E+1, 0.00000E+0, 0.00000E+0
-3.75000E+2, -1.24559E-7, 1.01167E-9, 0.00000E+0, 3.00000E+1, 0.00000E+0, 0.00000E+0
-4.00000E+2, -1.32977E-7, 8.30205E-11, 0.00000E+0, 3.00000E+1, 0.00000E+0, 0.00000E+0
-4.25000E+2, -1.41424E-7, 1.10016E-9, 0.00000E+0, 3.00000E+1, 0.00000E+0, 0.00000E+0
-4.50000E+2, -1.49915E-7, 8.01796E-11, 0.00000E+0, 3.00000E+1, 0.00000E+0, 0.00000E+0
-4.75000E+2, -1.58473E-7, 1.06395E-9, 0.00000E+0, 3.00000E+1, 0.00000E+0, 0.00000E+0
-5.00000E+2, -1.67127E-7, 9.45036E-11, 0.00000E+0, 3.00000E+1, 0.00000E+0, 0.00000E+0
