Voltage (V), Current (A), Standard Deviation (A), Pressure (Torr), Measurement delay (s), TC7, TC8
0.00000E+0, 2.09300E-12, 2.95762E-11, 0.00000E+0, 1.00000E+1, 0.00000E+0, 0.00000E+0
1.00000E+1, 1.27216E-9, 4.21556E-11, 0.00000E+0, 1.00000E+1, 0.00000E+0, 0.00000E+0
2.00000E+1, 2.54457E-9, 3.64231E-10, 0.00000E+0, 1.00000E+1, 0.00000E+0, 0.00000E+0
3.00000E+1, 3.83500E-9, 2.90498E-10, 0.00000E+0, 1.00000E+1, 0.00000E+0, 0.00000E+0
4.00000E+1, 5.12162E-9, 4.35737E-10, 0.00000E+0, 1.00000E+1, 0.00000E+0, 0.00000E+0
5.00000E+1, 6.40322E-9, 2.63993E-10, 0.00000E+0, 1.00000E+1, 0.00000E+0, 0.00000E+0
6.00000E+1, 7.68797E-9, 4.55753E-10, 0.00000E+0, 1.00000E+1, 0.00000E+0, 0.00000E+0
7.00000E+1, 8.98074E-9, 2.03576E-10, 0.00000E+0, 1.00000E+1, 0.00000E+0, 0.00000E+0
8.00000E+1, 1.02572E-8, 4.40765E-10, 0.00000E+0, 1.00000E+1, 0.00000E+0, 0.00000E+0
9.00000E+1, 1.15384E-8, 1.05036E-10, 0.00000E+0, 1.00000E+1, 0.00000E+0, 0.00000E+0
1.00000E+2, 1.28439E-8, 4.10641E-10, 0.00000E+0, 1.00000E+1, 0.00000E+0, 0.00000E+0
1.10000E+2, 1.41392E-8, 5.70547E-11, 0.00000E+0, 1.00000E+1, 0.00000E+0, 0.00000E+0
1.20000E+2, 1.54172E-8, 3.70515E-10, 0.00000E+0, 1.00000E+1, 0.00000E+0, 0.00000E+0
1.30000E+2, 1.67029E-8, 1.72519E-10, 0.00000E+0, 1.00000E+1, 0.00000E+0, 0.00000E+0
1.40000E+2, 1.80029E-8, 3.33865E-10, 0.00000E+0, 1.00000E+1, 0.00000E+0, 0.00000E+0
1.50000E+2, 1.93051E-8, 3.03601E-10, 0.00000E+0, 1.00000E+1, 0.00000E+0, 0.00000E+0
1.60000E+2, 2.06146E-8, 1.16577E-10, 0.00000E+0, 1.00000E+1, 0.00000E+0, 0.00000E+0
1.70000E+2, 2.19199E-8, 1.10075E-9, 0.00000E+0, 1.00000E+1, 0.00000E+0, 0.00000E+0
1.80000E+2, 2.32069E-8, 1.35721E-10, 0.00000E+0, 1.00000E+1, 0.00000E+0, 0.00000E+0
1.90000E+2, 2.44852E-8, 8.50318E-10, 0.00000E+0, 1.00000E+1, 0.00000E+0, 0.00000E+0
2.00000E+2, 2.57852E-8, 9.59627E-11, 0.00000E+0, 1.00000E+1, 0.00000E+0, 0.00000E+0
2.10000E+2, 2.71152E-8, 5.83022E-10, 0.00000E+0, 1.00000E+1, 0.00000E+0, 0.00000E+0
2.20000E+2, 2.84237E-8, 3.39629E-10, 0.00000E+0, 1.00000E+1, 0.00000E+0, 0.00000E+0
2.30000E+2, 2.96762E-8, 3.74633E-10, 0.00000E+0, 1.00000E+1, 0.00000E+0, 0.00000E+0
2.40000E+2, 3.09677E-8, 6.36884E-10, 0.00000E+0, 1.00000E+1, 0.00000E+0, 0.00000E+0
2.50000E+2, 3.22953E-8, 2.33215E-10, 0.00000E+0, 1.00000E+1, 0.00000E+0, 0.00000E+0
2.75000E+2, 3.55470E-8, 6.07576E-10, 0.00000E+0, 3.00000E+1, 0.00000E+0, 0.00000E+0
3.00000E+2, 3.88027E-8, 3.90915E-10, 0.00000E+0, 3.00000E+1, 0.00000E+0, 0.00000E+0
3.25000E+2, 4.20901E-8, 3.05200E-10, 0.00000E+0, 3.00000E+1, 0.00000E+0, 0.00000E+0
3.50000E+2, 4.53433E-8, 6.27984E-10, 0.00000E+0, 3.00000E+1, 0.00000E+0, 0.00000E+0
3.75000E+2, 4.85956E-8, 9.63699E-11, 0.00000E+0, 3.00000E+1, 0.00000E+0, 0.00000E+0
4.00000E+2, 5.18376E-8, 9.16521E-10, 0.00000E+0, 3.00000E+1, 0.00000E+0, 0.00000E+0
4.25000E+2, 5.51214E-8, 1.29435E-10, 0.00000E+0, 3.00000E+1, 0.00000E+0, 0.00000E+0
4.50000E+2, 5.83911E-8, 1.13452E-9, 0.00000E+0, 3.00000E+1, 0.00000E+0, 0.00000E+0
4.75000E+2, 6.16492E-8, 1.20699E-10, 0.00000E+0, 3.00000E+1, 0.00000E+0, 0.00000E+0
5.00000E+2, 6.49382E-8, 1.05032E-9, 0.00000E+0, 3.00000E+1, 0.00000E+0, 0.00000E+0
-0.00000E+0, -2.79800E-12, 3.44734E-11, 0.00000E+0, 1.00000E+1, 0.00000E+0, 0.00000E+0
-1.00000E+1, -1.27387E-9, 4.32831E-11, 0.00000E+0, 1.00000E+1, 0.00000E+0, 0.00000E+0
-2.00000E+1, -2.56252E-9, 3.55836E-10, 0.00000E+0, 1.00000E+1, 0.00000E+0, 0.00000E+0
-3.00000E+1, -3.85798E-9, 2.39681E-10, 0.00000E+0, 1.00000E+1, 0.00000E+0, 0.00000E+0
-4.00000E+1, -5.12688E-9, 3.21724E-10, 0.00000E+0, 1.00000E+1, 0.00000E+0, 0.00000E+0
-5.00000E+1, -6.40004E-9, 3.57744E-10, 0.00000E+0, 1.00000E+1, 0.00000E+0, 0.00000E+0
-6.00000E+1, -7.70099E-9, 2.94611E-10, 0.00000E+0, 1.00000E+1, 0.00000E+0, 0.00000E+0
-7.00000E+1, -8.99205E-9, 4.36182E-10, 0.00000E+0, 1.00000E+1, 0.00000E+0, 0.00000E+0
-8.00000E+1, -1.02674E-8, 2.70028E-10, 0.00000E+0, 1.00000E+1, 0.00000E+0, 0.00000E+0
-9.00000E+1, -1.15615E-8, 4.58929E-10, 0.00000E+0, 1.00000E+1, 0.00000E+0, 0.00000E+0
-1.00000E+2, -1.28570E-8, 2.02205E-10, 0.00000E+0, 1.00000E+1, 0.00000E+0, 0.00000E+0
-1.10000E+2, -1.41408E-8, 4.43380E-10, 0.00000E+0, 1.00000E+1, 0.00000E+0, 0.00000E+0
-1.20000E+2, -1.54244E-8, 1.06743E-10, 0.00000E+0, 1.00000E+1, 0.00000E+0, 0.00000E+0
-1.30000E+2, -1.67266E-8, 4.14821E-10, 0.00000E+0, 1.00000E+1, 0.00000E+0, 0.00000E+0
-1.40000E+2, -1.80244E-8, 5.43945E-11, 0.00000E+0, 1.00000E+1, 0.00000E+0, 0.00000E+0
-1.50000E+2, -1.93074E-8, 3.71554E-10, 0.00000E+0, 1.00000E+1, 0.00000E+0, 0.00000E+0
-1.60000E+2, -2.05724E-8, 1.46633E-10, 0.00000E+0, 1.00000E+1, 0.00000E+0, 0.00000E+0
-1.70000E+2, -2.19136E-8, 1.44053E-10, 0.00000E+0, 1.00000E+1, 0.00000E+0, 0.00000E+0
-1.80000E+2, -2.32253E-8, 1.12019E-9, 0.00000E+0, 1.00000E+1, 0.00000E+0, 0.00000E+0
-1.90000E+2, -2.45052E-8, 1.25562E-10, 0.00000E+0, 1.00000E+1, 0.00000E+0, 0.00000E+0
-2.00000E+2, -2.58154E-8, 1.10570E-9, 0.00000E+0, 1.00000E+1, 0.00000E+0, 0.00000E+0
-2.10000E+2, -2.71001E-8, 1.30625E-10, 0.00000E+0, 1.00000E+1, 0.00000E+0, 0.00000E+0
-2.20000E+2, -2.83766E-8, 8.53055E-10, 0.00000E+0, 1.00000E+1, 0.00000E+0, 0.00000E+0
-2.30000E+2, -2.96787E-8, 9.37219E-11, 0.00000E+0, 1.00000E+1, 0.00000E+0, 0.00000E+0
-2.40000E+2, -3.10176E-8, 5.84407E-10, 0.00000E+0, 1.00000E+1, 0.00000E+0, 0.00000E+0
-2.50000E+2, -3.23323E-8, 3.35586E-10, 0.00000E+0, 1.00000E+1, 0.00000E+0, 0.00000E+0
-2.75000E+2, -3.55864E-8, 6.01102E-10, 0.00000E+0, 3.00000E+1, 0.00000E+0, 0.00000E+0
-3.00000E+2, -3.88186E-8, 9.49622E-11, 0.00000E+0, 3.00000E+1, 0.00000E+0, 0.00000E+0
-3.25000E+2, -4.20746E-8, 9.06415E-10, 0.00000E+0, 3.00000E+1, 0.00000E+0, 0.00000E+0
-3.50000E+2, -4.53564E-8, 1.25342E-10, 0.00000E+0, 3.00000E+1, 0.00000E+0, 0.00000E+0
-3.75000E+2, -4.86503E-8, 1.13239E-9, 0.00000E+0, 3.00000E+1, 0.00000E+0, 0.00000E+0
-4.00000E+2, -5.19239E-8, 1.19551E-10, 0.00000E+0, 3.00000E+1, 0.00000E+0, 0.00000E+0
-4.25000E+2, -5.52182E-8, 1.07335E-9, 0.00000E+0, 3.00000E+1, 0.00000E+0, 0.00000E+0
-4.50000E+2, -5.85243E-8, 1.46754E-10, 0.00000E+0, 3.00000E+1, 0.00000E+0, 0.00000E+0
-4.75000E+2, -6.17929E-8, 8.75043E-10, 0.00000E+0, 3.00000E+1, 0.00000E+0, 0.00000E+0
-5.00000E+2, -6.51358E-8, 2.34174E-10, 0.00000E+0, 3.00000E+1, 0.00000E+0, 0.00000E+0
