Voltage (V), Current (A), Standard Deviation (A), Pressure (Torr), Measurement delay (s), TC7, TC8
0.00000E+0, 5.14900E-11, 8.41776E-11, 0.00000E+0, 1.00000E+1, 0.00000E+0, 0.00000E+0
1.00000E+1, 3.89886E-9, 6.54408E-10, 0.00000E+0, 1.00000E+1, 0.00000E+0, 0.00000E+0
2.00000E+1, 7.77449E-9, 1.25051E-10, 0.00000E+0, 1.00000E+1, 0.00000E+0, 0.00000E+0
3.00000E+1, 1.16503E-8, 6.24077E-10, 0.00000E+0, 1.00000E+1, 0.00000E+0, 0.00000E+0
4.00000E+1, 1.55366E-8, 3.13679E-10, 0.00000E+0, 1.00000E+1, 0.00000E+0, 0.00000E+0
5.00000E+1, 1.94197E-8, 6.01275E-10, 0.00000E+0, 1.00000E+1, 0.00000E+0, 0.00000E+0
6.00000E+1, 2.34233E-8, 1.71751E-9, 0.00000E+0, 1.00000E+1, 0.00000E+0, 0.00000E+0
7.00000E+1, 2.73483E-8, 4.20744E-10, 0.00000E+0, 1.00000E+1, 0.00000E+0, 0.00000E+0
8.00000E+1, 3.13134E-8, 1.52332E-9, 0.00000E+0, 1.00000E+1, 0.00000E+0, 0.00000E+0
9.00000E+1, 3.52497E-8, 2.69083E-10, 0.00000E+0, 1.00000E+1, 0.00000E+0, 0.00000E+0
1.00000E+2, 3.91792E-8, 1.23544E-9, 0.00000E+0, 1.00000E+1, 0.00000E+0, 0.00000E+0
1.10000E+2, 4.31231E-8, 2.29894E-10, 0.00000E+0, 1.00000E+1, 0.00000E+0, 0.00000E+0
1.20000E+2, 4.71667E-8, 9.61537E-10, 0.00000E+0, 1.00000E+1, 0.00000E+0, 0.00000E+0
1.30000E+2, 5.11478E-8, 6.17703E-10, 0.00000E+0, 1.00000E+1, 0.00000E+0, 0.00000E+0
1.40000E+2, 5.50752E-8, 7.42475E-10, 0.00000E+0, 1.00000E+1, 0.00000E+0, 0.00000E+0
1.50000E+2, 5.90395E-8, 1.01815E-9, 0.00000E+0, 1.00000E+1, 0.00000E+0, 0.00000E+0
1.60000E+2, 6.30562E-8, 5.85057E-10, 0.00000E+0, 1.00000E+1, 0.00000E+0, 0.00000E+0
1.70000E+2, 6.70640E-8, 1.37822E-9, 0.00000E+0, 1.00000E+1, 0.00000E+0, 0.00000E+0
1.80000E+2, 7.10013E-8, 4.77813E-10, 0.00000E+0, 1.00000E+1, 0.00000E+0, 0.00000E+0
1.90000E+2, 7.49966E-8, 1.67400E-9, 0.00000E+0, 1.00000E+1, 0.00000E+0, 0.00000E+0
2.00000E+2, 7.90109E-8, 4.34893E-10, 0.00000E+0, 1.00000E+1, 0.00000E+0, 0.00000E+0
2.10000E+2, 8.30087E-8, 1.70438E-9, 0.00000E+0, 1.00000E+1, 0.00000E+0, 0.00000E+0
2.20000E+2, 8.69962E-8, 4.10633E-10, 0.00000E+0, 1.00000E+1, 0.00000E+0, 0.00000E+0
2.30000E+2, 9.10359E-8, 1.48015E-9, 0.00000E+0, 1.00000E+1, 0.00000E+0, 0.00000E+0
2.40000E+2, 9.50277E-8, 2.39094E-10, 0.00000E+0, 1.00000E+1, 0.00000E+0, 0.00000E+0
2.50000E+2, 9.89684E-8, 1.19095E-9, 0.00000E+0, 1.00000E+1, 0.00000E+0, 0.00000E+0
2.75000E+2, 1.08960E-7, 2.69940E-10, 0.00000E+0, 3.00000E+1, 0.00000E+0, 0.00000E+0
3.00000E+2, 1.18688E-7, 1.55851E-9, 0.00000E+0, 3.00000E+1, 0.00000E+0, 0.00000E+0
3.25000E+2, 1.28131E-7, 4.21071E-10, 0.00000E+0, 3.00000E+1, 0.00000E+0, 0.00000E+0
3.50000E+2, 1.37688E-7, 1.72820E-9, 0.00000E+0, 3.00000E+1, 0.00000E+0, 0.00000E+0
3.75000E+2, 1.47023E-7, 4.58632E-10, 0.00000E+0, 3.00000E+1, 0.00000E+0, 0.00000E+0
4.00000E+2, 1.55972E-7, 1.44636E-9, 0.00000E+0, 3.00000E+1, 0.00000E+0, 0.00000E+0
4.25000E+2, 1.65209E-7, 5.76610E-10, 0.00000E+0, 3.00000E+1, 0.00000E+0, 0.00000E+0
4.50000E+2, 1.74713E-7, 9.80246E-10, 0.00000E+0, 3.00000E+1, 0.00000E+0, 0.00000E+0
4.75000E+2, 1.84300E-7, 7.89527E-10, 0.00000E+0, 3.00000E+1, 0.00000E+0, 0.00000E+0
5.00000E+2, 1.93921E-7, 4.74421E-10, 0.00000E+0, 3.00000E+1, 0.00000E+0, 0.00000E+0
-0.00000E+0, 6.68420E-11, 3.47122E-11, 0.00000E+0, 1.00000E+1, 0.00000E+0, 0.00000E+0
-1.00000E+1, -3.78882E-9, 5.63887E-10, 0.00000E+0, 1.00000E+1, 0.00000E+0, 0.00000E+0
-2.00000E+1, -7.64684E-9, 6.16993E-10, 0.00000E+0, 1.00000E+1, 0.00000E+0, 0.00000E+0
-3.00000E+1, -1.15058E-8, 5.17642E-10, 0.00000E+0, 1.00000E+1, 0.00000E+0, 0.00000E+0
-4.00000E+1, -1.53979E-8, 6.75882E-10, 0.00000E+0, 1.00000E+1, 0.00000E+0, 0.00000E+0
-5.00000E+1, -1.92890E-8, 4.32648E-10, 0.00000E+0, 1.00000E+1, 0.00000E+0, 0.00000E+0
-6.00000E+1, -2.32031E-8, 9.44825E-10, 0.00000E+0, 1.00000E+1, 0.00000E+0, 0.00000E+0
-7.00000E+1, -2.70972E-8, 6.58909E-10, 0.00000E+0, 1.00000E+1, 0.00000E+0, 0.00000E+0
-8.00000E+1, -3.10819E-8, 7.19110E-10, 0.00000E+0, 1.00000E+1, 0.00000E+0, 0.00000E+0
-9.00000E+1, -3.50179E-8, 1.05347E-9, 0.00000E+0, 1.00000E+1, 0.00000E+0, 0.00000E+0
-1.00000E+2, -3.89356E-8, 5.75094E-10, 0.00000E+0, 1.00000E+1, 0.00000E+0, 0.00000E+0
-1.10000E+2, -4.28505E-8, 1.42112E-9, 0.00000E+0, 1.00000E+1, 0.00000E+0, 0.00000E+0
-1.20000E+2, -4.68508E-8, 4.75360E-10, 0.00000E+0, 1.00000E+1, 0.00000E+0, 0.00000E+0
-1.30000E+2, -5.08269E-8, 1.69850E-9, 0.00000E+0, 1.00000E+1, 0.00000E+0, 0.00000E+0
-1.40000E+2, -5.47881E-8, 4.41749E-10, 0.00000E+0, 1.00000E+1, 0.00000E+0, 0.00000E+0
-1.50000E+2, -5.87636E-8, 1.68003E-9, 0.00000E+0, 1.00000E+1, 0.00000E+0, 0.00000E+0
-1.60000E+2, -6.27577E-8, 4.08946E-10, 0.00000E+0, 1.00000E+1, 0.00000E+0, 0.00000E+0
-1.70000E+2, -6.67186E-8, 1.43818E-9, 0.00000E+0, 1.00000E+1, 0.00000E+0, 0.00000E+0
-1.80000E+2, -7.07217E-8, 2.06119E-10, 0.00000E+0, 1.00000E+1, 0.00000E+0, 0.00000E+0
-1.90000E+2, -7.47603E-8, 1.15137E-9, 0.00000E+0, 1.00000E+1, 0.00000E+0, 0.00000E+0
-2.00000E+2, -7.87927E-8, 3.33971E-10, 0.00000E+0, 1.00000E+1, 0.00000E+0, 0.00000E+0
-2.10000E+2, -8.27551E-8, 8.88772E-10, 0.00000E+0, 1.00000E+1, 0.00000E+0, 0.00000E+0
-2.20000E+2, -8.67426E-8, 7.49292E-10, 0.00000E+0, 1.00000E+1, 0.00000E+0, 0.00000E+0
-2.30000E+2, -9.07922E-8, 6.83141E-10, 0.00000E+0, 1.00000E+1, 0.00000E+0, 0.00000E+0
-2.40000E+2, -9.48244E-8, 1.14343E-9, 0.00000E+0, 1.00000E+1, 0.00000E+0, 0.00000E+0
-2.50000E+2, -9.87854E-8, 5.48632E-10, 0.00000E+0, 1.00000E+1, 0.00000E+0, 0.00000E+0
-2.75000E+2, -1.08801E-7, 1.10361E-9, 0.00000E+0, 3.00000E+1, 0.00000E+0, 0.00000E+0
-3.00000E+2, -1.18568E-7, 7.39139E-10, 0.00000E+0, 3.00000E+1, 0.00000E+0, 0.00000E+0
-3.25000E+2, -1.28156E-7, 5.96367E-10, 0.00000E+0, 3.00000E+1, 0.00000E+0, 0.00000E+0
-3.50000E+2, -1.37913E-7, 1.02842E-9, 0.00000E+0, 3.00000E+1, 0.00000E+0, 0.00000E+0
-3.75000E+2, -1.47738E-7, 1.70285E-10, 0.00000E+0, 3.00000E+1, 0.00000E+0, 0.00000E+0
-4.00000E+2, -1.57512E-7, 1.37261E-9, 0.00000E+0, 3.00000E+1, 0.00000E+0, 0.00000E+0
-4.25000E+2, -1.67138E-7, 3.99609E-10, 0.00000E+0, 3.00000E+1, 0.00000E+0, 0.00000E+0
-4.50000E+2, -1.76551E-7, 1.69109E-9, 0.00000E+0, 3.00000E+1, 0.00000E+0, 0.00000E+0
-4.75000E+2, -1.86200E-7, 4.47757E-10, 0.00000E+0, 3.00000E+1, 0.00000E+0, 0.00000E+0
-5.00000E+2, -1.96048E-7, 1.67651E-9, 0.00000E+0, 3.00000E+1, 0.00000E+0, 0.00000E+0
