Voltage (V), Current (A), Standard Deviation (A), Pressure (Torr), Measurement delay (s), TC7, TC8
0.00000E+0, 3.65000E-13, 3.02517E-11, 0.00000E+0, 1.00000E+1, 0.00000E+0, 0.00000E+0
1.00000E+1, 4.10430E-11, 3.93090E-11, 0.00000E+0, 1.00000E+1, 0.00000E+0, 0.00000E+0
2.00000E+1, 8.28450E-11, 3.70996E-11, 0.00000E+0, 1.00000E+1, 0.00000E+0, 0.00000E+0
3.00000E+1, 1.26261E-10, 2.93726E-11, 0.00000E+0, 1.00000E+1, 0.00000E+0, 0.00000E+0
4.00000E+1, 1.67084E-10, 4.07696E-11, 0.00000E+0, 1.00000E+1, 0.00000E+0, 0.00000E+0
5.00000E+1, 2.08503E-10, 1.59492E-11, 0.00000E+0, 1.00000E+1, 0.00000E+0, 0.00000E+0
6.00000E+1, 2.50866E-10, 4.56794E-11, 0.00000E+0, 1.00000E+1, 0.00000E+0, 0.00000E+0
7.00000E+1, 2.94183E-10, 5.51169E-12, 0.00000E+0, 1.00000E+1, 0.00000E+0, 0.00000E+0
8.00000E+1, 3.35865E-10, 4.85429E-11, 0.00000E+0, 1.00000E+1, 0.00000E+0, 0.00000E+0
9.00000E+1, 3.76762E-10, 1.06725E-11, 0.00000E+0, 1.00000E+1, 0.00000E+0, 0.00000E+0
1.00000E+2, 4.20308E-10, 5.01169E-11, 0.00000E+0, 1.00000E+1, 0.00000E+0, 0.00000E+0
1.10000E+2, 4.63476E-10, 2.00803E-11, 0.00000E+0, 1.00000E+1, 0.00000E+0, 0.00000E+0
1.20000E+2, 5.04619E-10, 4.88136E-11, 0.00000E+0, 1.00000E+1, 0.00000E+0, 0.00000E+0
1.30000E+2, 5.46768E-10, 2.84204E-11, 0.00000E+0, 1.00000E+1, 0.00000E+0, 0.00000E+0
1.40000E+2, 5.90081E-10, 4.23846E-11, 0.00000E+0, 1.00000E+1, 0.00000E+0, 0.00000E+0
1.50000E+2, 6.32694E-10, 3.44991E-11, 0.00000E+0, 1.00000E+1, 0.00000E+0, 0.00000E+0
1.60000E+2, 6.73542E-10, 3.35072E-11, 0.00000E+0, 1.00000E+1, 0.00000E+0, 0.00000E+0
1.70000E+2, 7.16258E-10, 3.94564E-11, 0.00000E+0, 1.00000E+1, 0.00000E+0, 0.00000E+0
1.80000E+2, 7.59799E-10, 2.20891E-11, 0.00000E+0, 1.00000E+1, 0.00000E+0, 0.00000E+0
1.90000E+2, 8.01809E-10, 4.43409E-11, 0.00000E+0, 1.00000E+1, 0.00000E+0, 0.00000E+0
2.00000E+2, 8.42357E-10, 8.83141E-12, 0.00000E+0, 1.00000E+1, 0.00000E+0, 0.00000E+0
2.10000E+2, 8.86317E-10, 4.80218E-11, 0.00000E+0, 1.00000E+1, 0.00000E+0, 0.00000E+0
2.20000E+2, 9.29538E-10, 6.91083E-12, 0.00000E+0, 1.00000E+1, 0.00000E+0, 0.00000E+0
2.30000E+2, 9.70953E-10, 5.03230E-11, 0.00000E+0, 1.00000E+1, 0.00000E+0, 0.00000E+0
2.40000E+2, 1.01276E-9, 1.66612E-11, 0.00000E+0, 1.00000E+1, 0.00000E+0, 0.00000E+0
2.50000E+2, 1.05583E-9, 4.91709E-11, 0.00000E+0, 1.00000E+1, 0.00000E+0, 0.00000E+0
2.75000E+2, 1.16144E-9, 1.56800E-11, 0.00000E+0, 3.00000E+1, 0.00000E+0, 0.00000E+0
3.00000E+2, 1.26451E-9, 4.61908E-11, 0.00000E+0, 3.00000E+1, 0.00000E+0, 0.00000E+0
3.25000E+2, 1.37202E-9, 1.20572E-11, 0.00000E+0, 3.00000E+1, 0.00000E+0, 0.00000E+0
3.50000E+2, 1.47560E-9, 4.34609E-11, 0.00000E+0, 3.00000E+1, 0.00000E+0, 0.00000E+0
3.75000E+2, 1.55313E-9, 3.00479E-11, 0.00000E+0, 3.00000E+1, 0.00000E+0, 0.00000E+0
4.00000E+2, 1.67052E-9, 5.12224E-11, 0.00000E+0, 3.00000E+1, 0.00000E+0, 0.00000E+0
4.25000E+2, 1.73924E-9, 4.56559E-11, 0.00000E+0, 3.00000E+1, 0.00000E+0, 0.00000E+0
4.50000E+2, 1.80444E-9, 6.84885E-11, 0.00000E+0, 3.00000E+1, 0.00000E+0, 0.00000E+0
4.75000E+2, 1.87922E-9, 6.16580E-11, 0.00000E+0, 3.00000E+1, 0.00000E+0, 0.00000E+0
5.00000E+2, 1.98231E-9, 6.07426E-11, 0.00000E+0, 3.00000E+1, 0.00000E+0, 0.00000E+0
-0.00000E+0, -1.01000E-12, 4.85989E-11, 0.00000E+0, 1.00000E+1, 0.00000E+0, 0.00000E+0
-1.00000E+1, -4.19750E-11, 2.67671E-11, 0.00000E+0, 1.00000E+1, 0.00000E+0, 0.00000E+0
-2.00000E+1, -8.18240E-11, 4.32167E-11, 0.00000E+0, 1.00000E+1, 0.00000E+0, 0.00000E+0
-3.00000E+1, -1.23828E-10, 3.33433E-11, 0.00000E+0, 1.00000E+1, 0.00000E+0, 0.00000E+0
-4.00000E+1, -1.67181E-10, 3.57947E-11, 0.00000E+0, 1.00000E+1, 0.00000E+0, 0.00000E+0
-5.00000E+1, -2.09020E-10, 3.82085E-11, 0.00000E+0, 1.00000E+1, 0.00000E+0, 0.00000E+0
-6.00000E+1, -2.50493E-10, 2.37518E-11, 0.00000E+0, 1.00000E+1, 0.00000E+0, 0.00000E+0
-7.00000E+1, -2.93581E-10, 4.34415E-11, 0.00000E+0, 1.00000E+1, 0.00000E+0, 0.00000E+0
-8.00000E+1, -3.36505E-10, 1.19087E-11, 0.00000E+0, 1.00000E+1, 0.00000E+0, 0.00000E+0
-9.00000E+1, -3.77495E-10, 4.67833E-11, 0.00000E+0, 1.00000E+1, 0.00000E+0, 0.00000E+0
-1.00000E+2, -4.18476E-10, 5.38819E-12, 0.00000E+0, 1.00000E+1, 0.00000E+0, 0.00000E+0
-1.10000E+2, -4.61898E-10, 4.98541E-11, 0.00000E+0, 1.00000E+1, 0.00000E+0, 0.00000E+0
-1.20000E+2, -5.05879E-10, 1.39155E-11, 0.00000E+0, 1.00000E+1, 0.00000E+0, 0.00000E+0
-1.30000E+2, -5.47290E-10, 5.08419E-11, 0.00000E+0, 1.00000E+1, 0.00000E+0, 0.00000E+0
-1.40000E+2, -5.88410E-10, 2.25640E-11, 0.00000E+0, 1.00000E+1, 0.00000E+0, 0.00000E+0
-1.50000E+2, -6.32132E-10, 4.65703E-11, 0.00000E+0, 1.00000E+1, 0.00000E+0, 0.00000E+0
-1.60000E+2, -6.75422E-10, 3.06453E-11, 0.00000E+0, 1.00000E+1, 0.00000E+0, 0.00000E+0
-1.70000E+2, -7.16537E-10, 3.90394E-11, 0.00000E+0, 1.00000E+1, 0.00000E+0, 0.00000E+0
-1.80000E+2, -7.59158E-10, 3.60124E-11, 0.00000E+0, 1.00000E+1, 0.00000E+0, 0.00000E+0
-1.90000E+2, -8.02184E-10, 2.82895E-11, 0.00000E+0, 1.00000E+1, 0.00000E+0, 0.00000E+0
-2.00000E+2, -8.44128E-10, 4.17830E-11, 0.00000E+0, 1.00000E+1, 0.00000E+0, 0.00000E+0
-2.10000E+2, -8.86087E-10, 1.69203E-11, 0.00000E+0, 1.00000E+1, 0.00000E+0, 0.00000E+0
-2.20000E+2, -9.29599E-10, 4.58586E-11, 0.00000E+0, 1.00000E+1, 0.00000E+0, 0.00000E+0
-2.30000E+2, -9.72582E-10, 5.58877E-12, 0.00000E+0, 1.00000E+1, 0.00000E+0, 0.00000E+0
-2.40000E+2, -1.01470E-9, 4.86899E-11, 0.00000E+0, 1.00000E+1, 0.00000E+0, 0.00000E+0
-2.50000E+2, -1.05638E-9, 1.09875E-11, 0.00000E+0, 1.00000E+1, 0.00000E+0, 0.00000E+0
-2.75000E+2, -1.16312E-9, 4.92503E-11, 0.00000E+0, 3.00000E+1, 0.00000E+0, 0.00000E+0
-3.00000E+2, -1.27112E-9, 5.33865E-12, 0.00000E+0, 3.00000E+1, 0.00000E+0, 0.00000E+0
-3.25000E+2, -1.36623E-9, 3.73843E-11, 0.00000E+0, 3.00000E+1, 0.00000E+0, 0.00000E+0
-3.50000E+2, -1.45830E-9, 2.64060E-11, 0.00000E+0, 3.00000E+1, 0.00000E+0, 0.00000E+0
-3.75000E+2, -1.55838E-9, 5.19503E-11, 0.00000E+0, 3.00000E+1, 0.00000E+0, 0.00000E+0
-4.00000E+2, -1.64138E-9, 4.72929E-11, 0.00000E+0, 3.00000E+1, 0.00000E+0, 0.00000E+0
-4.25000E+2, -1.73189E-9, 6.36983E-11, 0.00000E+0, 3.00000E+1, 0.00000E+0, 0.00000E+0
-4.50000E+2, -1.82885E-9, 6.87147E-11, 0.00000E+0, 3.00000E+1, 0.00000E+0, 0.00000E+0
-4.75000E+2, -1.91378E-9, 5.80396E-11, 0.00000E+0, 3.00000E+1, 0.00000E+0, 0.00000E+0
-5.00000E+2, -2.01945E-9, 1.63723E-10, 0.00000E+0, 3.00000E+1, 0.00000E+0, 0.00000E+0
