Voltage (V), Current (A), Standard Deviation (A), Pressure (Torr), Measurement delay (s), TC7, TC8
0.00000E+0, -1.18500E-13, 4.27452E-11, 0.00000E+0, 3.00000E+1, 0.00000E+0, 0.00000E+0
1.00000E+1, 7.45279E-10, 1.58193E-11, 0.00000E+0, 3.00000E+1, 0.00000E+0, 0.00000E+0
2.00000E+1, 1.66556E-9, 4.45294E-11, 0.00000E+0, 3.00000E+1, 0.00000E+0, 0.00000E+0
3.00000E+1, 2.62818E-9, 3.18242E-10, 0.00000E+0, 3.00000E+1, 0.00000E+0, 0.00000E+0
4.00000E+1, 3.50454E-9, 1.12173E-10, 0.00000E+0, 3.00000E+1, 0.00000E+0, 0.00000E+0
5.00000E+1, 4.42611E-9, 2.82753E-10, 0.00000E+0, 3.00000E+1, 0.00000E+0, 0.00000E+0
6.00000E+1, 5.29813E-9, 2.54699E-10, 0.00000E+0, 3.00000E+1, 0.00000E+0, 0.00000E+0
7.00000E+1, 6.20019E-9, 2.40397E-10, 0.00000E+0, 3.00000E+1, 0.00000E+0, 0.00000E+0
8.00000E+1, 7.06243E-9, 3.50401E-10, 0.00000E+0, 3.00000E+1, 0.00000E+0, 0.00000E+0
9.00000E+1, 7.94350E-9, 1.84380E-10, 0.00000E+0, 3.00000E+1, 0.00000E+0, 0.00000E+0
1.00000E+2, 8.85064E-9, 3.55235E-10, 0.00000E+0, 3.00000E+1, 0.00000E+0, 0.00000E+0
1.10000E+2, 9.73700E-9, 8.32901E-11, 0.00000E+0, 3.00000E+1, 0.00000E+0, 0.00000E+0
1.20000E+2, 1.06307E-8, 3.20773E-10, 0.00000E+0, 3.00000E+1, 0.00000E+0, 0.00000E+0
1.30000E+2, 1.15090E-8, 1.39044E-10, 0.00000E+0, 3.00000E+1, 0.00000E+0, 0.00000E+0
1.40000E+2, 1.25080E-8, 2.74342E-10, 0.00000E+0, 3.00000E+1, 0.00000E+0, 0.00000E+0
1.50000E+2, 1.33927E-8, 2.80771E-10, 0.00000E+0, 3.00000E+1, 0.00000E+0, 0.00000E+0
1.60000E+2, 1.41939E-8, 2.32858E-10, 0.00000E+0, 3.00000E+1, 0.00000E+0, 0.00000E+0
1.70000E+2, 1.51519E-8, 3.51526E-10, 0.00000E+0, 3.00000E+1, 0.00000E+0, 0.00000E+0
1.80000E+2, 1.60552E-8, 1.65171E-10, 0.00000E+0, 3.00000E+1, 0.00000E+0, 0.00000E+0
1.90000E+2, 1.69881E-8, 3.49251E-10, 0.00000E+0, 3.00000E+1, 0.00000E+0, 0.00000E+0
2.00000E+2, 1.79003E-8, 7.24449E-11, 0.00000E+0, 3.00000E+1, 0.00000E+0, 0.00000E+0
2.10000E+2, 1.88081E-8, 3.09775E-10, 0.00000E+0, 3.00000E+1, 0.00000E+0, 0.00000E+0
2.20000E+2, 1.96871E-8, 1.61909E-10, 0.00000E+0, 3.00000E+1, 0.00000E+0, 0.00000E+0
2.30000E+2, 2.06804E-8, 1.20525E-10, 0.00000E+0, 3.00000E+1, 0.00000E+0, 0.00000E+0
2.40000E+2, 2.16050E-8, 8.50654E-10, 0.00000E+0, 3.00000E+1, 0.00000E+0, 0.00000E+0
2.50000E+2, 2.25259E-8, 7.90695E-11, 0.00000E+0, 3.00000E+1, 0.00000E+0, 0.00000E+0
2.75000E+2, 2.47629E-8, 8.39607E-10, 0.00000E+0, 9.00000E+1, 0.00000E+0, 0.00000E+0
3.00000E+2, 2.70397E-8, 2.43737E-10, 0.00000E+0, 9.00000E+1, 0.00000E+0, 0.00000E+0
3.25000E+2, 2.93932E-8, 2.37916E-10, 0.00000E+0, 9.00000E+1, 0.00000E+0, 0.00000E+0
3.50000E+2, 3.16811E-8, 8.11445E-10, 0.00000E+0, 9.00000E+1, 0.00000E+0, 0.00000E+0
3.75000E+2, 3.39976E-8, 1.39129E-10, 0.00000E+0, 9.00000E+1, 0.00000E+0, 0.00000E+0
4.00000E+2, 3.64814E-8, 5.40543E-10, 0.00000E+0, 9.00000E+1, 0.00000E+0, 0.00000E+0
4.25000E+2, 3.88383E-8, 5.47932E-10, 0.00000E+0, 9.00000E+1, 0.00000E+0, 0.00000E+0
4.50000E+2, 4.11946E-8, 8.93653E-11, 0.00000E+0, 9.00000E+1, 0.00000E+0, 0.00000E+0
4.75000E+2, 4.36238E-8, 7.69585E-10, 0.00000E+0, 9.00000E+1, 0.00000E+0, 0.00000E+0
5.00000E+2, 4.59517E-8, 3.13790E-10, 0.00000E+0, 9.00000E+1, 0.00000E+0, 0.00000E+0
-0.00000E+0, 1.21650E-12, 1.87261E-11, 0.00000E+0, 3.00000E+1, 0.00000E+0, 0.00000E+0
-1.00000E+1, -7.02556E-10, 4.18081E-11, 0.00000E+0, 3.00000E+1, 0.00000E+0, 0.00000E+0
-2.00000E+1, -1.46352E-9, 1.96439E-11, 0.00000E+0, 3.00000E+1, 0.00000E+0, 0.00000E+0
-3.00000E+1, -2.16991E-9, 1.91735E-10, 0.00000E+0, 3.00000E+1, 0.00000E+0, 0.00000E+0
-4.00000E+1, -2.97106E-9, 3.50387E-10, 0.00000E+0, 3.00000E+1, 0.00000E+0, 0.00000E+0
-5.00000E+1, -3.77678E-9, 8.26471E-11, 0.00000E+0, 3.00000E+1, 0.00000E+0, 0.00000E+0
-6.00000E+1, -4.48446E-9, 3.16997E-10, 0.00000E+0, 3.00000E+1, 0.00000E+0, 0.00000E+0
-7.00000E+1, -5.27981E-9, 1.36975E-10, 0.00000E+0, 3.00000E+1, 0.00000E+0, 0.00000E+0
-8.00000E+1, -6.04738E-9, 2.73186E-10, 0.00000E+0, 3.00000E+1, 0.00000E+0, 0.00000E+0
-9.00000E+1, -6.81123E-9, 2.78764E-10, 0.00000E+0, 3.00000E+1, 0.00000E+0, 0.00000E+0
-1.00000E+2, -7.54558E-9, 2.34550E-10, 0.00000E+0, 3.00000E+1, 0.00000E+0, 0.00000E+0
-1.10000E+2, -8.30230E-9, 3.53748E-10, 0.00000E+0, 3.00000E+1, 0.00000E+0, 0.00000E+0
-1.20000E+2, -9.08564E-9, 1.68527E-10, 0.00000E+0, 3.00000E+1, 0.00000E+0, 0.00000E+0
-1.30000E+2, -9.86394E-9, 3.45428E-10, 0.00000E+0, 3.00000E+1, 0.00000E+0, 0.00000E+0
-1.40000E+2, -1.06283E-8, 7.24353E-11, 0.00000E+0, 3.00000E+1, 0.00000E+0, 0.00000E+0
-1.50000E+2, -1.14321E-8, 3.13879E-10, 0.00000E+0, 3.00000E+1, 0.00000E+0, 0.00000E+0
-1.60000E+2, -1.21940E-8, 1.59515E-10, 0.00000E+0, 3.00000E+1, 0.00000E+0, 0.00000E+0
-1.70000E+2, -1.29564E-8, 2.69171E-10, 0.00000E+0, 3.00000E+1, 0.00000E+0, 0.00000E+0
-1.80000E+2, -1.37570E-8, 2.96056E-10, 0.00000E+0, 3.00000E+1, 0.00000E+0, 0.00000E+0
-1.90000E+2, -1.45522E-8, 2.24623E-10, 0.00000E+0, 3.00000E+1, 0.00000E+0, 0.00000E+0
-2.00000E+2, -1.53870E-8, 3.55015E-10, 0.00000E+0, 3.00000E+1, 0.00000E+0, 0.00000E+0
-2.10000E+2, -1.61670E-8, 1.55625E-10, 0.00000E+0, 3.00000E+1, 0.00000E+0, 0.00000E+0
-2.20000E+2, -1.69829E-8, 3.45035E-10, 0.00000E+0, 3.00000E+1, 0.00000E+0, 0.00000E+0
-2.30000E+2, -1.77896E-8, 6.93743E-11, 0.00000E+0, 3.00000E+1, 0.00000E+0, 0.00000E+0
-2.40000E+2, -1.85795E-8, 2.92098E-10, 0.00000E+0, 3.00000E+1, 0.00000E+0, 0.00000E+0
-2.50000E+2, -1.93855E-8, 1.79752E-10, 0.00000E+0, 3.00000E+1, 0.00000E+0, 0.00000E+0
-2.75000E+2, -2.13923E-8, 2.88228E-10, 0.00000E+0, 9.00000E+1, 0.00000E+0, 0.00000E+0
-3.00000E+2, -2.34969E-8, 1.62610E-10, 0.00000E+0, 9.00000E+1, 0.00000E+0, 0.00000E+0
-3.25000E+2, -2.55368E-8, 8.47934E-10, 0.00000E+0, 9.00000E+1, 0.00000E+0, 0.00000E+0
-3.50000E+2, -2.79422E-8, 1.57818E-10, 0.00000E+0, 9.00000E+1, 0.00000E+0, 0.00000E+0
-3.75000E+2, -3.63754E-8, 4.59872E-10, 0.00000E+0, 9.00000E+1, 0.00000E+0, 0.00000E+0
-4.00000E+2, -5.06390E-8, 6.31911E-10, 0.00000E+0, 9.00000E+1, 0.00000E+0, 0.00000E+0
-4.25000E+2, -7.14709E-8, 2.65153E-10, 0.00000E+0, 9.00000E+1, 0.00000E+0, 0.00000E+0
-4.50000E+2, -8.12318E-8, 7.10982E-10, 0.00000E+0, 9.00000E+1, 0.00000E+0, 0.00000E+0
-4.75000E+2, -8.25036E-8, 4.01417E-10, 0.00000E+0, 9.00000E+1, 0.00000E+0, 0.00000E+0
-5.00000E+2, -8.34441E-8, 9.54354E-11, 0.00000E+0, 9.00000E+1, 0.00000E+0, 0.00000E+0
